[[ 0.28942333 -0.41441633  0.92508736]]
[[-0.80776784  0.71532035  0.32961195]]
0.761586809509 0.0671069458496 0 0
0.371822685179 0.151231709531 0 0
0.304872210184 0.345319890674 0 0
0.697588466689 0.263329484825 0 0
0.758853510788 -0.210640298413 0 0
-0.240519812674 -0.382893226738 0 0
0.252398749986 0.964737034958 0 1
-0.133157272422 -0.138907586308 0 0
0.968833147107 -0.743807796928 0 0
0.658783258991 0.384734187363 0 0
-0.483754978019 -0.84049876252 0 0
-0.100617569676 -0.6422266971 0 0
0.139540560437 0.0374318910314 0 0
-0.430500235573 -0.00605730214255 0 1
0.178997508967 -0.312388533686 0 0
-0.955436185475 -0.879622674973 0 0
0.570187728222 -0.912022175547 0 0
0.891362682894 0.741432290633 0 0
-0.569678066094 0.150933287059 0 1
0.21122770605 -0.978965571902 0 0
-0.877775440872 -0.161170173913 0 1
-0.361947957143 -0.606205445895 0 0
0.315295881 -0.90652682905 0 0
0.305464954968 -0.585070739134 0 0
0.259338807173 -0.166878662632 0 0
0.746169977271 0.545100124267 0 0
0.119719172609 -0.554899533383 0 0
-0.0872885517421 -0.229881628924 0 0
0.764177589944 -0.0806544222299 0 0
-0.532853898507 0.703375104715 0 1
0.500648404788 -0.0587364422092 0 0
-0.987822845071 0.871940803923 0 1
-0.822351954715 0.64430728263 0 1
-0.869615492991 -0.197898300677 0 1
0.143358892623 0.513180031344 0 0
0.592388554041 0.0386776245285 0 0
-0.496255825064 0.510747475785 0 1
-0.0211648594522 0.704497022882 0 1
-0.488277034037 -0.360931080184 0 0
-0.201528593454 -0.025625297274 0 0
-0.556925316895 0.403690634786 0 1
-0.531755567529 -0.550126657379 0 0
-0.776639796069 -0.359732501745 0 1
0.56226931631 -0.91546453985 0 0
0.648017986127 -0.369457973287 0 0
0.386469744751 0.511456175212 0 0
-0.37213964057 0.748017802848 0 1
-0.0962090915324 -0.808112955328 0 0
-0.895674392782 0.901973842481 0 1
0.881662413513 0.250130643533 0 0
0.931471820193 -0.135242057955 0 0
-0.311907479098 0.497900366683 0 1
-0.566938367546 0.268738590881 0 1
-0.00907572169911 -0.945850543761 0 0
0.623145701579 0.307224314864 0 0
0.730999283594 0.161549999534 0 0
-0.635790541165 -0.0810143812969 0 1
0.768132265954 -0.168059307535 0 0
0.3921602058 0.907938563952 0 1
-0.0340758334617 0.368934578317 0 0
-0.937145257803 0.1599372101 0 1
0.261376775843 -0.0373328882425 0 0
0.154376312069 -0.45844630162 0 0
-0.0933094770588 0.447896143375 0 1
-0.697891330306 -0.765094724282 0 0
0.0751447547389 0.728998053389 0 1
0.318877895809 0.609877726955 0 0
0.240342503426 0.794285232574 0 1
-0.229020178417 -0.946505961213 0 0
-0.596847419564 -0.212155228336 0 1
-0.148170225706 0.683968637651 0 1
-0.532457970005 -0.819227580276 0 0
-0.865337857984 0.0795705614858 0 1
0.353116039052 -0.582601397055 0 0
-0.147806708772 0.281248819098 0 0
-0.0111960629303 -0.649361572624 0 0
0.754420883268 -0.862326786138 0 0
0.398122487338 -0.159170489991 0 0
0.0810106095768 -0.759877297264 0 0
0.363656470463 -0.936995306922 0 0
0.589721448462 0.600542749327 0 0
0.854293816314 -0.576255781325 0 0
-0.087249831881 -0.53896919736 0 0
0.271160662175 -0.270653755658 0 0
0.387721655081 -0.794789144674 0 0
-0.729445494015 0.550353069249 0 1
-0.766137952367 -0.348361735218 0 1
0.529463902674 -0.0685483107338 0 0
0.114657605309 0.457798241213 0 0
-0.984474274094 0.368409669292 0 1
-0.838350810916 0.630929676541 0 1
-0.104828799419 -0.507067825248 0 0
-0.934030809851 -0.509111807875 0 1
0.0675562782892 -0.881471536173 0 0
0.784712981545 0.651308338088 0 0
0.356163262366 0.381513093473 0 0
-0.0949653530738 0.0598724133127 0 0
-0.375498330506 -0.956502333655 0 0
0.769155359399 -0.429809902379 0 0
0.327173444818 -0.503185302523 0 0
0.415417313954 -0.984597250764 0 0
-0.589312220204 -0.76127546372 0 0
0.0217726475673 0.476052752482 0 0
-0.0504594783892 0.311431991321 0 0
-0.706002462759 -0.956067080749 0 0
-0.37162134967 -0.0562346664345 0 0
0.11035638426 -0.594849566098 0 0
0.122813650741 0.343786972013 0 0
0.799251114914 0.867689978719 0 0
0.524815298926 0.256101445005 0 0
-0.613032179134 -0.268929395373 0 0
-0.316259559673 -0.353867731284 0 0
0.314647148984 -0.114808288124 0 0
0.0957874991383 0.395189188837 0 0
0.128704147538 -0.196123192488 0 0
-0.67928373112 0.151568904183 0 1
-0.910753110547 0.177926655834 0 1
0.0630221743742 0.355589620562 0 0
0.769513798075 0.172042449101 0 0
-0.314934446766 0.225193785095 0 1
-0.577809047063 0.543860820037 0 1
0.491417014032 -0.577609522034 0 0
-0.94365213999 -0.687514812805 0 0
0.494277427083 -0.614115318295 0 0
-0.901126117258 0.821114502478 0 1
0.776810381888 0.754448989119 0 0
-0.168212425258 0.5673706153 0 1
-0.897773935673 -0.498661588837 0 1
-0.367125297287 -0.532542331026 0 0
0.393177791756 0.789087205192 0 0
-0.55510320318 -0.113766143571 0 1
-0.32856576364 -0.385464145244 0 0
-0.773662933504 -0.861380602236 1 0
-0.556799785567 0.568438502743 0 1
0.290817809344 -0.472191658066 0 0
-0.311203268802 -0.108080407947 0 0
0.543929297221 -0.312726150476 0 0
-0.127570682434 0.770519096806 0 1
-0.157465028568 0.877943562149 0 1
0.236094928612 0.0222880728253 0 0
-0.489658266575 0.978651081933 0 1
0.0792389475192 0.716916268033 0 1
-0.64709406595 0.721246144551 0 1
0.86482664518 -0.127978385804 0 0
0.842603117266 -0.0855312987672 0 0
0.79603058877 0.9356148978 0 0
0.740303707064 -0.626351249659 0 0
-0.283469577991 -0.132280249715 0 0
0.391728812077 0.768436072864 0 0
-0.205169325956 -0.751346614846 1 0
0.628419461411 0.483977928075 0 0
-0.948982399145 -0.409769211142 1 1
0.101255696368 0.275570488891 0 0
-0.845524392753 0.645067458457 1 1
0.440144744009 0.432855667656 0 0
-0.439285063669 0.0949598642409 0 1
-0.575489702444 -0.0195096497596 1 1
0.937708738944 -0.384656313546 0 0
0.126403237161 0.566133845223 0 0
0.15403854512 0.410202665251 0 0
0.433113986055 0.641741690715 0 0
0.626544202705 -0.893514665151 0 0
0.432027159352 -0.56705719502 0 0
0.798342284646 -0.396500468307 0 0
0.849605709821 -0.891434731073 0 0
0.806358671135 0.109425388456 0 0
0.976923280038 -0.859462513012 0 0
-0.80584439177 -0.165722645185 1 1
-0.339817076722 0.618970029489 0 1
-0.768544145253 -0.023584366312 1 1
0.740140032937 -0.730936867898 0 0
-0.079581172044 -0.271802215022 0 0
0.00362283147806 -0.608749183258 0 0
0.209761081711 0.874678320822 0 1
-0.0609807476451 0.650475795787 0 1
0.638319207546 0.626128648433 0 0
-0.167234038482 0.102243038575 1 0
0.473026913482 -0.0384550612008 0 0
-0.57419181383 0.144839275915 1 1
-0.808939353586 0.635430468197 1 1
-0.99539700414 0.093451859708 1 1
-0.102425012774 0.851803783706 0 1
0.94941461131 -0.957865946123 0 0
-0.673386551792 0.956817417091 1 1
-0.427993847021 -0.140441997677 1 0
-0.886063926303 0.90642102722 1 1
0.414087545324 -0.713402962488 0 0
0.581872763744 0.0917179043747 0 0
0.749601025462 -0.273067319454 0 0
0.711873004832 0.987298361049 0 0
-0.624706172042 -0.451057936138 1 0
0.281376573488 0.0811079120689 0 0
-0.249434094971 -0.38867296152 0 0
-0.410156070037 -0.885208530778 0 0
0.159257073084 -0.0763364590626 0 0
0.780144565804 0.710722605735 0 0
0.0244675285347 0.803676086472 0 1
-0.807887618486 -0.286404594887 1 1
-0.83440238823 0.0392931206053 1 1
0.511584781326 -0.932335894815 0 0
-0.204544812422 0.317642637856 1 1
0.163396741409 0.626120270922 0 0
-0.894885386142 -0.0405896628043 1 1
-0.489725935076 0.840822484991 1 1
0.378726041794 -0.903410463792 0 0
0.105072955293 0.984650299706 1 1
-0.906850052245 0.621286938488 1 1
-0.268734786806 0.266870644262 1 1
-0.500261899158 0.693983648077 1 1
0.594286017013 -0.623256497331 0 0
0.782328052043 0.528665428865 0 0
0.20265053854 0.624563756541 0 0
0.190850154188 0.127412144955 0 0
-0.457562505863 0.977859980406 1 1
-0.497833328601 0.369924497463 1 1
-0.18644360727 -0.225936581822 0 0
-0.949435535428 -0.090872996128 1 1
-0.752011781634 -0.712330541218 1 0
-0.763823268042 -0.404053138754 1 0
0.451014722478 -0.379253126558 0 0
0.331914032243 0.840297832737 0 1
0.328891562319 -0.242954578185 0 0
-0.375871607444 -0.195502001798 0 0
-0.0690414920703 -0.233733664549 0 0
-0.0529702973116 -0.929020558167 0 0
0.864604079364 0.010639446353 0 0
-0.235115381672 -0.309301447773 0 0
-0.02373313212 -0.27624894016 0 0
0.628810358557 0.625367787819 0 0
-0.947315075435 0.588593928332 1 1
0.242128176168 0.195680315558 0 0
-0.0242823070133 -0.603617390192 0 0
0.656294612714 -0.599328724741 0 0
-0.270319538657 0.246376839215 1 1
-0.810475703825 -0.764903906553 0 0
0.739526814249 0.168244318621 0 0
0.945622738707 -0.687297219608 0 0
-0.711909677248 -0.50524632351 0 0
-0.118085060659 -0.852135178076 0 0
-0.0844582420134 0.753265682654 1 1
-0.653424646215 0.192790079401 1 1
-0.0632999986757 -0.36224471289 0 0
-0.124059996663 -0.388576706371 0 0
0.0366825749463 -0.435516066589 0 0
-0.632802806815 0.946232678844 1 1
0.462608593732 0.970884406823 1 0
-0.90071350087 0.299117039413 1 1
-0.46971584638 -0.819213773331 0 0
-0.475533295391 -0.513487677704 0 0
0.136415407866 -0.332292868341 0 0
-0.465002466946 0.358709964414 1 1
-0.693451511473 -0.0980721300332 1 1
-0.819325095974 0.85181711902 1 1
-0.0120855123455 0.313596367101 0 0
0.968101649494 0.911354810251 0 0
-0.421104366881 -0.257643878406 0 0
-0.247993668014 0.427677130625 0 1
0.0495117491538 0.284333657322 0 0
0.127539346253 -0.641886075851 0 0
0.70153966451 -0.583736720817 0 0
-0.477749601162 0.918559584429 1 1
-0.669667741736 -0.29631840146 1 0
-0.120825852563 0.445409728371 0 1
-0.464693893047 -0.285502577508 0 0
-0.587385477742 0.508974332823 1 1
0.963673250531 0.279817782144 0 0
0.474554007111 -0.792231717043 0 0
0.331848363131 -0.911344320266 0 0
0.503385119585 -0.785042059535 0 0
-0.0574641237007 0.36111258929 0 0
-0.203630896724 -0.768820530952 0 0
0.792400574132 0.788990905578 0 0
-0.872406001455 -0.475752011298 0 1
0.869464317459 -0.212008445871 0 0
-0.0396638200274 -0.39420131285 0 0
0.42037086519 0.136944335771 0 0
0.38650260724 0.102354606436 0 0
0.443370571158 0.218980946297 0 0
-0.272932714699 -0.0242706187988 1 0
0.749876983404 -0.689965774186 0 0
0.115022114782 0.708963583232 1 1
0.169532224801 0.971631856482 1 1
0.911565432444 -0.416100166092 0 0
0.807332832574 -0.190261648922 0 0
0.549505660239 0.588787243097 0 0
-0.862548448903 0.0808417767686 1 1
0.514856225286 0.612162308726 0 0
-0.69801268362 -0.0592303887184 1 1
0.490429027141 0.919963005975 0 0
-0.653602472783 0.904121086127 1 1
0.233314149312 -0.0017698417378 0 0
0.00403097896768 0.48915882467 0 1
-0.819635885884 -0.178021134052 1 1
0.226345073624 -0.113337123413 0 0
0.95817752485 -0.188001116113 0 0
0.624927765881 0.208679661146 0 0
0.0104956667678 0.745533559081 1 1
-0.787178819857 0.471991252098 1 1
0.775557663901 0.910064905852 0 0
0.602623269756 -0.766287125811 0 0
-0.217694310377 0.990920184923 1 1
-0.346471298158 0.847259747234 1 1
0.81873029215 -0.604066594537 0 0
0.775506733483 0.0182275562588 0 0
-0.992526325769 0.702828753406 1 1
-0.25797952775 -0.565528429482 0 0
-0.615028589604 -0.817482625436 0 0
0.886447678428 0.626671527418 0 0
0.784668663569 0.19318143017 0 0
-0.0197420589801 -0.545542530554 0 0
0.651353868417 -0.438224275205 0 0
-0.791696705837 -0.448733541121 1 0
0.950062452159 -0.196912298131 0 0
0.767415025382 0.456918079459 0 0
-0.961444143357 -0.535585469482 0 1
0.298769459603 0.446716467297 0 0
-0.640941893211 -0.327862688698 1 0
-0.564844410697 0.454929617405 1 1
0.929537701709 0.227743514646 0 0
0.904618342214 0.986003859621 0 0
-0.651809473986 0.488218903345 1 1
0.233601672141 -0.909503567805 0 0
0.497719239418 0.297376784891 0 0
-0.262081855601 0.914071615244 1 1
0.0865538177779 0.107305723879 0 0
-0.0496997033738 0.490701755661 1 1
0.984152222683 -0.0176887829052 0 0
0.290893306534 -0.899757096892 0 0
0.574725354268 -0.749785522415 0 0
0.774061434 0.283401398957 0 0
0.311388275304 -0.755228214298 0 0
-0.799405799242 0.65151783524 1 1
-0.851492512992 0.640919300037 1 1
-0.858451560492 0.969917834338 1 1
-0.822525105482 -0.236397680832 1 1
0.675573452634 0.477150822168 0 0
0.159534274861 -0.445009647697 0 0
-0.244401403991 -0.39783018192 0 0
0.319402829386 -0.966345677557 0 0
0.325162505673 -0.352780174069 0 0
-0.0179892722386 0.25170010274 0 0
-0.777152731353 -0.820681482148 0 0
0.366464293726 -0.767404447141 0 0
-0.645232915295 -0.344668871329 0 0
-0.580144254673 0.688939276729 1 1
-0.828888847098 0.241869115769 1 1
-0.950789265074 0.594764904331 1 1
0.29059629605 -0.850078084512 0 0
-0.0180070971129 -0.443199841052 0 0
0.363059463613 0.315556672252 0 0
0.424601017345 -0.999108329139 0 0
-0.843779251585 0.78271816095 1 1
-0.973702216216 -0.518882812185 1 1
-0.847925335437 0.478253945704 1 1
0.970161832152 0.857207880435 0 0
-0.893565882549 -0.212376495976 1 1
-0.535089627627 -0.688099902003 0 0
0.941587256474 -0.760448219468 0 0
-0.286138535765 -0.719857003144 0 0
0.417549780148 -0.392990081141 0 0
-0.0153815740303 -0.239561635435 0 0
0.304624269865 -0.303484122362 0 0
-0.244961870613 -0.237703635236 0 0
0.0600225007957 0.323945079284 0 0
-0.399433570173 0.241918267367 1 1
0.00458453986132 0.113065058171 0 0
-0.104433595691 0.583583111861 1 1
-0.244598580472 -0.248545184907 0 0
-0.435196686127 0.377837559921 1 1
0.780408513231 -0.779039794234 0 0
-0.375055347183 0.0818613175939 1 1
-0.602737735736 -0.70644655761 0 0
0.615178154727 -0.954618537906 0 0
0.542527751379 -0.693781227464 0 0
0.565823828453 0.858235824343 0 0
0.990361811334 0.00192227906828 0 0
-0.493414858371 -0.600192169515 0 0
0.813199704114 0.100306340026 0 0
-0.701944813514 0.482928945847 1 1
-0.829821013377 0.594006577043 1 1
-0.00137092546798 -0.98474647139 0 0
-0.0912153598978 -0.716814443592 0 0
0.634578667598 0.153577638533 0 0
0.418137418143 0.863119587978 1 0
0.647907979164 -0.0761727955113 0 0
-0.216489392629 0.051204553866 0 0
-0.094406965662 -0.650705335722 0 0
-0.356329672999 -0.593262445126 0 0
0.656124279131 0.16945782855 0 0
-0.552495961205 0.284175675737 1 1
0.639837929484 0.517913889481 0 0
-0.910987828081 0.552827845224 1 1
0.935240470029 0.0583541185474 0 0
0.889306986305 -0.775999480652 0 0
0.418900639419 0.378218576576 0 0
0.683773104458 -0.859422256577 0 0
0.775797028709 0.0149308051496 0 0
-0.920036673978 0.559285523485 1 1
0.571069722893 -0.752585448945 0 0
0.430624323298 0.564356744407 0 0
0.196329697921 0.561981788539 0 0
-0.339547176984 -0.869569430427 0 0
0.031306291989 0.250567380552 0 0
-0.659215683498 -0.728059927389 0 0
-0.284224233844 0.893971509434 1 1
0.48221271636 0.179895922604 0 0
0.204785824964 0.483407398778 0 0
0.787133280713 0.265976181843 0 0
0.989894276681 -0.588479547751 0 0
0.407647120016 -0.471390595871 0 0
0.819804719688 -0.286915525259 0 0
-0.908572168549 0.834187564456 1 1
-0.478874090681 -0.883134423032 0 0
0.139236505779 0.877418360593 0 1
-0.48663808909 -0.438591748028 0 0
-0.830323177048 0.664195923781 1 1
0.992169472588 0.911611340648 0 0
-0.1388401457 -0.717904067011 0 0
-0.142544940461 -0.162542784715 0 0
0.858381315126 0.654820661611 0 0
0.230998688051 -0.16000551527 0 0
-0.951985630916 0.845338645794 1 1
0.369018773648 -0.298845966414 0 0
0.838312401786 -0.0711305135488 0 0
0.0171229166942 -0.0756679544921 0 0
0.410101212663 -0.21055985556 0 0
-0.408156865341 0.0509259897354 1 1
-0.139670199036 -0.817057830345 0 0
-0.424018885729 0.802256186391 1 1
-0.781299916312 -0.40705677382 0 1
0.799045682547 0.312708912731 0 0
-0.577727883237 -0.0561229653568 1 1
0.787101099843 0.203391703535 0 0
-0.562214948425 0.568022487638 1 1
-0.690635969759 0.216514526881 1 1
0.590229415355 -0.677764214917 0 0
0.22424958057 0.865252670619 1 1
-0.299328829789 0.664937888086 1 1
-0.00604492784078 -0.274197744602 0 0
-0.364629877148 0.156400341175 1 1
-0.539744049502 0.793345812209 1 1
-0.25758381892 -0.1113381109 0 0
0.851597072012 0.716195856217 0 0
0.709570965034 -0.103810264184 0 0
0.167145372291 -0.769008338383 0 0
0.912165401477 -0.13166989111 0 0
-0.588637912319 0.68963479486 1 1
-0.342432544004 0.0280463331423 1 0
0.419890667601 0.108109692194 0 0
-0.637384742871 0.782853847159 1 1
0.173601283712 0.792557976877 1 1
-0.941050378854 -0.661683184716 1 0
-0.80456328462 0.0651123996381 1 1
-0.725647295113 -0.996244598008 0 0
0.856918555511 0.238786024068 0 0
-0.146815702876 0.902506439427 1 1
-0.0141170192472 0.86877436554 1 1
0.973030730513 -0.502485072608 0 0
0.652811497836 0.877229487235 0 0
-0.0980090315571 -0.104879779209 0 0
0.744990176174 0.901368480762 0 0
0.757552459065 -0.343643732376 0 0
0.220090446253 0.953888234483 1 1
-0.510605522362 0.581366782287 1 1
0.638174366528 0.525125582378 0 0
0.743324234841 0.366994892602 0 0
-0.549664026988 -0.408057278837 0 0
0.164148458618 0.561760133615 0 0
-0.573444295919 0.903068320975 1 1
0.135316112822 0.493450261232 0 0
0.675177711032 -0.763489139501 0 0
-0.644034079505 0.0891704516034 1 1
-0.215207249111 -0.334370190124 0 0
-0.857220135585 -0.8543621536 0 0
-0.233225027017 -0.752395123471 0 0
0.371285367639 -0.809303586851 0 0
0.796420907651 -0.4506211421 0 0
0.662230954461 -0.824404317089 0 0
-0.44234894882 -0.601864272923 0 0
-0.322732782026 0.915442020424 1 1
0.087807496287 0.269183426939 0 0
-0.175690017675 0.147153680674 0 0
-0.784290024521 -0.0232843143439 1 1
0.660954115156 -0.18897848173 0 0
-0.246423760155 0.818681962206 1 1
0.993690785521 0.562393716351 0 0
-0.967516482624 -0.00862310974737 1 1
0.743231906137 -0.80000978585 0 0
-0.668286720542 -0.217299217721 0 1
0.946114518618 0.844612593919 0 0
0.643044642065 0.951106266075 0 0
0.652793408705 -0.402790744782 0 0
-0.952133804684 -0.707395423107 0 0
-0.896808462911 0.763251401592 1 1
0.430397125466 -0.446913861777 0 0
0.565154964289 -0.915817657052 0 0
-0.83418488781 -0.392578155343 1 1
0.999408644277 -0.793626656983 0 0
-0.764841123062 -0.142762426449 1 1
-0.4820054827 -0.734089606679 0 0
-0.744967358911 -0.195140831731 1 1
0.539013312719 -0.4770825079 0 0
-0.231459568776 0.0218571892026 0 0
0.568365082425 -0.623065038513 0 0
-0.828069709965 -0.696754443795 0 0
0.517893436014 -0.590157142334 0 0
-0.29609684912 -0.774517506795 0 0
-0.974832799591 0.235563035707 1 1
0.0497209277097 0.573851961642 1 1
-0.956201073468 -0.0393855639527 1 1
-0.359052271906 -0.0365641162898 0 0
-0.404255104704 0.190675962452 1 1
-0.571214460874 -0.862546072894 0 0
-0.372770095184 -0.883545185665 0 0
0.101865359973 -0.874824020726 0 0
0.153541904741 -0.478973811933 0 0
-0.957268145465 0.171329841907 1 1
-0.170840693851 -0.0943526988934 0 0
0.743818203043 -0.226348144706 0 0
0.922566476363 -0.471867262626 0 0
0.725871098555 -0.873862304996 0 0
0.662034976782 0.721088205946 0 0
0.323778219681 -0.11617638322 0 0
-0.11377384951 -0.268367878244 0 0
0.710058551348 0.381055210004 0 0
-0.133791908665 -0.257583701841 0 0
-0.241520274558 0.774825576366 1 1
0.795815844883 -0.892556733628 0 0
-0.79228332042 0.991608990444 1 1
0.067499187951 0.438360877118 0 0
-0.484111482331 -0.794616045695 0 0
0.08927665015 0.179763321554 0 0
0.345964634396 -0.896442803794 0 0
-0.817285374055 -0.842309504843 0 0
0.246931924776 -0.909099440428 0 0
-0.799777583397 -0.757327720386 0 0
-0.762852329683 -0.124688524606 1 1
-0.685630312053 0.771519330946 1 1
0.814935114238 0.0356358778377 0 0
0.0402176765845 0.478595097083 0 0
0.777738902369 0.121784751106 0 0
-0.749781230455 0.175973749882 1 1
0.916598524816 0.478550482602 0 0
0.901561076183 0.229125414238 0 0
-0.0450145908003 0.603269011022 1 1
-0.0118277545159 0.464176572572 1 1
0.98452168829 -0.239313366885 0 0
-0.381293079821 -0.702806516858 0 0
-0.38431649138 -0.769567101579 0 0
-0.305442055843 0.465990187548 1 1
-0.964173241135 0.706694451767 1 1
-0.355215228973 0.100677114476 1 1
0.114745823397 0.391032020255 0 0
-0.832734146104 -0.965407188437 0 0
-0.726458086665 -0.992229440693 0 0
0.633425413105 -0.366116852011 0 0
0.181076504344 0.109415856693 0 0
-0.567895135638 -0.317024946338 0 0
-0.948249897805 -0.649499804008 0 0
0.790805535043 -0.544299241821 0 0
0.102476401295 -0.918169128722 0 0
0.0515546169933 0.0484267889249 0 0
-0.288852547715 0.446974455012 1 1
-0.343272243835 0.549646611355 1 1
-0.905604501448 -0.636634482287 0 0
-0.690412421404 0.890955913181 1 1
0.829156198519 0.602967153177 0 0
-0.0665981658282 0.826047986065 1 1
0.504540866755 0.606286408438 0 0
0.967975151931 0.142856029184 0 0
-0.832507227136 0.720942366648 1 1
-0.488257699717 -0.602440047656 0 0
-0.167711915358 0.00881226985774 0 0
0.246373151708 0.569493653984 0 0
0.2375497258 0.0840921966013 0 0
-0.727210104822 0.747757484981 1 1
-0.869082797648 -0.728332114033 0 0
0.901739669866 -0.512404694674 0 0
0.401881749295 -0.838423709704 0 0
-0.925917262213 -0.828425421897 0 0
-0.0250169618351 0.798539250861 1 1
-0.739279899877 0.0176708768508 1 1
0.162039977824 0.390773130443 0 0
-0.845576886814 0.44228013566 1 1
0.0554554872724 -0.44926815277 0 0
0.569079843991 0.313969318269 0 0
-0.581080932468 0.520311083848 1 1
-0.276457218214 0.7664092326 1 1
0.141916697546 0.758210320276 1 1
0.109534192847 0.128470912177 0 0
0.587710379473 0.874803982984 0 0
0.638972470496 -0.253271599223 0 0
-0.548749820418 0.0337096412876 1 1
0.524070253681 0.301484210239 0 0
0.527093327375 0.045965784417 0 0
0.0790877953793 -0.537417721373 0 0
-0.519325045571 -0.642195081546 0 0
-0.788227644406 -0.31577835997 1 1
-0.843004305718 -0.741307214456 0 0
-0.291390165067 0.723106513659 1 1
0.28460798632 -0.11800512779 0 0
0.133337214627 -0.116118283211 0 0
0.138305352172 -0.568192928102 0 0
0.532147471057 0.912156281328 0 0
0.593029188582 0.363015456693 0 0
0.588956549823 0.431356932065 0 0
-0.92216077465 0.826667552931 1 1
0.745465565781 0.8187330913 0 0
-0.6942072117 0.742144662376 1 1
0.00407727885253 0.0500428791092 0 0
0.577327519217 0.570554459199 0 0
0.0774192374069 -0.742620799363 0 0
0.48069892447 0.237888682801 0 0
-0.494572235173 -0.857730602768 0 0
0.441695935868 -0.37513976156 0 0
0.304919581497 0.165530088195 0 0
0.701971201093 -0.251778236182 0 0
-0.286619201945 0.551485810948 1 1
-0.347007987191 0.59028831291 1 1
-0.0852430626738 -0.468125691717 0 0
-0.0502009289136 -0.999939522279 0 0
-0.134187037606 0.257526614542 0 0
0.811949210031 -0.437810126077 0 0
-0.101170736322 0.998428878808 1 1
0.657771133627 -0.399690130939 0 0
0.0556669626995 0.733394580849 1 1
0.557642854288 0.708424334549 0 0
0.580026093725 -0.246622600877 0 0
0.0982241309006 -0.847908409972 0 0
-0.0295565808244 -0.659243805292 0 0
-0.227364286449 -0.463628835844 0 0
0.864521949661 0.259354137213 0 0
-0.554414601802 -0.76244368931 0 0
-0.420890487474 0.492005936495 1 1
-0.345005902809 -0.859858848218 0 0
-0.832628213399 0.0118035546329 1 1
-0.566986643341 0.60082153142 1 1
-0.209510633188 0.332582445765 1 1
0.883428860999 0.300566718278 0 0
0.279210420272 -0.357880980649 0 0
0.011267082029 0.580620943343 1 1
0.673305115741 -0.986484909457 0 0
-0.604917368679 0.0134431388551 1 1
0.532397908781 -0.73493959977 0 0
-0.00266336932489 0.254422474582 0 0
0.83336362373 -0.567812820236 0 0
0.0334473407564 -0.274864781739 0 0
-0.733636585962 -0.429138759828 0 0
-0.736609982825 -0.395763183083 0 0
0.060253506725 0.196636921208 0 0
0.663259104287 -0.573382451436 0 0
0.583538171506 0.138052277901 0 0
0.86236791488 -0.54989115829 0 0
-0.941450541383 0.773063467983 1 1
-0.971504672094 -0.316767049938 1 1
0.710613387764 0.257025533341 0 0
0.0773585050403 0.372655998163 0 0
0.471492725626 -0.0205810692759 0 0
-0.570135676901 -0.764530064773 0 0
-0.0107140089982 -0.877126510171 0 0
-0.736681367228 -0.294908477623 1 1
0.921473587817 0.0355835351586 0 0
0.528569246741 0.805464016701 0 0
0.392901353823 0.611622377396 0 0
-0.0280907802638 0.550946906218 1 1
-0.527701955198 -0.42034089769 0 0
-0.0705475300125 -0.45973012184 0 0
-0.34302110021 -0.772066420467 0 0
0.365960527223 0.362972907481 0 0
0.682826781889 0.86578180744 0 0
0.557823163226 -0.366379765065 0 0
-0.675108424319 -0.0827022498638 1 1
-0.580478150618 -0.301228901894 0 0
-0.484996222422 0.318671654146 1 1
-0.487782188885 -0.860488626569 0 0
0.949786342063 -0.192500334729 0 0
-0.453772203329 0.756312575649 1 1
-0.797698973211 -0.98462361479 0 0
0.116402728124 0.548747984115 0 0
-0.0221224519933 0.146159648688 0 0
-0.0786723644697 -0.616966431648 0 0
-0.717313105853 -0.81470822618 0 0
0.747018078369 -0.829712510878 0 0
0.157143741656 0.103976856328 0 0
-0.791926103519 0.686021478291 1 1
-0.918657309986 -0.0386486885925 1 1
-0.270178525983 0.0874233301893 0 0
-0.363557269591 -0.212896570039 0 0
0.86385194734 0.3451725911 0 0
0.841490511702 0.593122459226 0 0
0.123500507843 0.902662774562 1 1
-0.269255290446 0.0985523531986 0 0
-0.478060570635 0.835112341315 1 1
0.0508274606643 -0.297691028761 0 0
0.684237060993 0.386965115258 0 0
-0.0171962179427 0.00154894944528 0 0
0.789641264556 -0.025209438187 0 0
0.315124835156 0.547026858823 0 0
0.241011900002 -0.145549948005 0 0
-0.975772135517 -0.428432718648 1 1
-0.965893099907 -0.900116335099 0 0
-0.214479705449 -0.979218625778 0 0
-0.975130940683 -0.194719929728 1 1
0.255772055261 0.0920098367813 0 0
-0.492844541046 -0.515453632935 0 0
-0.86101237882 -0.898746387452 0 0
0.11403201452 -0.271227878714 0 0
-0.504829671819 -0.828683743702 0 0
0.159413778037 0.913560990787 1 1
0.96169717263 0.480845610342 0 0
-0.0447300859246 -0.582200501134 0 0
-0.877815681443 -0.261475356207 1 1
0.968886701025 -0.808759059575 0 0
0.681385604427 0.210653101226 0 0
0.850973163096 0.0935541974903 0 0
0.361604697665 0.141160600476 0 0
-0.56977729079 -0.972372232121 0 0
0.0166090525492 -0.772023894322 0 0
-0.530961276216 -0.234058097795 0 0
0.747910078285 -0.51946000009 0 0
-0.315484804748 -0.121080580252 0 0
0.111791689555 0.0387122101209 0 0
0.855164209913 0.823810773803 0 0
0.0623900070316 -0.118432620827 0 0
0.622138942259 0.0534199913641 0 0
0.982120633967 -0.184285028221 0 0
0.660437621758 -0.899989932196 0 0
0.550706809981 -0.569065535445 0 0
-0.80736267282 0.43762306128 1 1
0.95577160553 -0.379804038835 0 0
0.211666875849 -0.889273611279 0 0
0.446305863603 -0.549485480117 0 0
0.811560356806 -0.884589294157 0 0
0.704697793804 -0.618641143878 0 0
-0.241905429847 0.958480817061 1 1
-0.808750152952 -0.773604964113 0 0
0.10445696782 0.960079994296 1 1
0.639940492448 0.280265290911 0 0
-0.166325951708 -0.354508192124 0 0
0.310871994128 -0.409404979965 0 0
-0.0433193319189 -0.910173649665 0 0
0.933057519893 0.62975507927 0 0
0.425125028252 -0.442797978082 0 0
-0.463132649949 0.96409417463 1 1
-0.888827920529 -0.375127810273 1 1
0.905790814066 -0.721675721776 0 0
0.446766636305 -0.787829638534 0 0
0.359468933976 -0.410125501665 0 0
-0.579663774846 -0.750220008604 0 0
-0.769560767548 -0.931621803208 0 0
-0.745587647331 0.475535249449 1 1
0.251988425828 0.847505876737 1 1
-0.836524632562 0.42271331392 1 1
-0.924009636888 -0.882947005907 0 0
-0.207878164598 -0.710504842045 0 0
0.971668829846 -0.789754689345 0 0
-0.35882832182 -0.942425482677 0 0
0.360451550782 0.434842304951 0 0
-0.904899986638 -0.823338211002 0 0
-0.139491964973 0.790760122861 1 1
-0.69418785463 -0.9259746192 0 0
0.815694199716 0.494150507214 0 0
-0.041671531099 0.832116449899 1 1
-0.601542102548 0.883093746054 1 1
0.661063726566 0.817682769759 0 0
0.901533317637 -0.551854995771 0 0
-0.716590087276 -0.730291102656 0 0
0.920125856859 -0.0145293372959 0 0
0.506292088783 -0.0800917648305 0 0
-0.375619551256 -0.0603859927853 0 0
-0.249424807374 0.343058896515 1 1
-0.35568661623 -0.368980575618 0 0
0.333534288743 -0.620972805717 0 0
-0.956852080974 0.803519036683 1 1
-0.865898750523 0.858041463981 1 1
-0.60614131159 -0.540064313702 0 0
-0.131794139167 -0.241829720542 0 0
0.57582369157 0.833786550082 0 0
-0.963746956242 0.858141249596 1 1
0.813297126362 0.688110190168 0 0
-0.849879712209 0.724884930241 1 1
0.972170304137 -0.495033565908 0 0
-0.707856132346 -0.925736513578 0 0
0.236894016337 -0.0998346112071 0 0
-0.859653101581 -0.302850723899 1 1
-0.00222425773741 -0.524901330444 0 0
0.997736244513 0.402977048271 0 0
0.190873650791 -0.532712122918 0 0
-0.362563614088 -0.891934650723 0 0
-0.410054074911 -0.704091727508 0 0
0.928306671951 0.47782322041 0 0
0.65274465501 -0.920550206484 0 0
0.556808215067 -0.682123592945 0 0
-0.478987674628 0.857191982647 1 1
0.086412136321 -0.0392907301176 0 0
-0.979209245779 0.829552622898 1 1
-0.478751281471 -0.578967107968 0 0
-0.623242895503 0.749374588478 1 1
-0.146365654645 0.342844063984 1 1
-0.927267300487 -0.318077790776 1 1
-0.0948962972714 -0.332666133077 0 0
0.617002103434 0.383795308306 0 0
-0.430889548092 -0.351273283474 0 0
-0.447300092185 -0.00555750083804 1 1
-0.87046683737 -0.69670091538 0 0
-0.869592872013 -0.731720411652 0 0
-0.549379864188 0.716610627661 1 1
0.732808283875 0.729959481169 0 0
0.844360345571 0.945026352397 0 0
-0.426647100016 0.838098546152 1 1
-0.398795650782 -0.285628784276 0 0
-0.0517017926479 -0.709244258147 0 0
0.473773638444 -0.0775639465585 0 0
-0.467059505416 0.125299553718 1 1
0.644501109319 0.100182148563 0 0
-0.873484428225 0.575172245971 1 1
0.0158601538254 0.00655221307943 0 0
-0.306727997002 0.540153662503 1 1
-0.0223572232617 -0.642741021131 0 0
-0.753347577079 0.35010763149 1 1
0.531904421866 -0.473763256626 0 0
-0.00754882152747 0.850451034201 1 1
0.293546610086 0.666061192995 0 0
0.917757482092 -0.114234893779 0 0
0.392519380217 0.872490542003 1 0
-0.365360726148 -0.593806933684 0 0
-0.609009321998 -0.311224736051 0 0
-0.987177680489 -0.992254787109 0 0
0.128098389897 -0.145652093452 0 0
-0.750008281693 -0.621458637889 0 0
-0.103673172093 -0.275217268613 0 0
-0.164871278869 0.979928279428 1 1
0.0374258043296 0.0383143461529 0 0
-0.779796263028 0.130286293923 1 1
0.622535859402 0.574100379041 0 0
0.266534450071 -0.268603583994 0 0
0.156842860501 0.879891512311 0 1
-0.872085725608 -0.0798576319227 1 1
-0.0966157773018 -0.238317747357 0 0
0.802491719276 0.638790943018 0 0
-0.276506515739 -0.216824106329 0 0
-0.695708748931 -0.731614037796 0 0
0.914003344125 -0.34078957504 0 0
0.649136393751 0.213890966623 0 0
0.0174993085117 0.553475669239 1 1
0.11532612232 0.00224182521723 0 0
-0.161929982566 -0.326674512533 0 0
0.927553164157 -0.857925303588 0 0
0.128028163019 0.913869813674 1 1
0.00950536725152 -0.743649379477 0 0
0.457032313428 -0.625136516992 0 0
-0.322837850577 0.354525572477 1 1
0.228843659586 0.286070948435 0 0
0.91646540983 0.294918667445 0 0
-0.560395025044 0.388296314519 1 1
0.397352270334 -0.84592646622 0 0
-0.026137249167 -0.628928691512 0 0
0.0002191698008 0.637265368089 1 1
-0.203611139428 -0.594964780964 0 0
0.876673746504 0.732627914862 0 0
-0.0526876689887 -0.4593383335 0 0
0.0491202948276 -0.0825754601961 0 0
-0.185670620086 -0.266897324697 0 0
0.0449148271477 0.0611889487594 0 0
-0.0298242156595 -0.414485868577 0 0
-0.0529236759074 -0.924389086239 0 0
-0.970888817106 0.626113652351 1 1
-0.121746414584 0.66935372202 1 1
0.152721355449 0.0134177878685 0 0
0.672677438178 -0.230750455802 0 0
0.139874242603 0.804155762086 1 1
-0.864294276023 0.067464210375 1 1
0.267210700729 -0.835068338172 0 0
0.504466354256 -0.803950134514 0 0
0.414598469521 0.248292776595 0 0
-0.158803887865 0.0585392592967 0 0
0.121595960549 0.334279425973 0 0
-0.349855366486 -0.14588527517 0 0
-0.988541837235 -0.0744191007086 1 1
-0.675578198167 0.385201854296 1 1
0.595565910258 0.361665077694 0 0
-0.363709892955 -0.130077416635 0 0
0.730470715369 0.188793807559 0 0
-0.0651467686161 0.776768535747 1 1
-0.432379180481 -0.467780694201 0 0
0.0829419572166 -0.0327090595277 0 0
-0.325130885144 0.469139248868 1 1
0.871325688842 0.141629927039 0 0
0.990527646067 -0.0172223713072 0 0
0.433379353788 -0.0786928895172 0 0
0.830808247377 -0.954959909923 0 0
0.530702113072 0.785151434491 0 0
-0.0949245001337 0.225032446382 0 0
-0.699901702304 0.807287402793 1 1
0.541274843799 0.986170554566 0 0
-0.48455741449 -0.258082807311 0 0
-0.0665684860571 0.796124568421 1 1
0.223272534437 -0.72250367444 0 0
0.237142839956 0.97630192683 1 1
0.150322421651 0.589518910373 0 0
0.261890042683 0.858683804144 1 1
-0.24803960574 -0.584134636801 0 0
-0.281054057659 0.0860455894912 0 0
-0.390055292628 -0.809989431328 0 0
-0.459081592719 -0.00316923982634 1 1
0.504099109957 -0.639681086335 0 0
0.933030529912 -0.105515662336 0 0
-0.0971328647787 -0.818326151108 0 0
-0.780253441808 0.262983035341 1 1
0.587368312661 -0.258451849191 0 0
0.114364519802 -0.820720025403 0 0
-0.644096057707 0.869037312583 1 1
0.704883161735 -0.154204810143 0 0
0.216943434138 -0.209464672741 0 0
0.324433390887 0.043249327497 0 0
-0.987634692596 0.265067618921 1 1
-0.586961772848 0.983417157458 1 1
-0.555013197648 0.889267125263 1 1
-0.482983568256 -0.567431311896 0 0
-0.677134942188 -0.368807967663 0 0
-0.403758279041 -0.630571584084 0 0
-0.309506844656 0.827821137065 1 1
-0.941145362642 -0.00748304058409 1 1
0.77539620317 0.535999126873 0 0
0.51670481573 -0.505707911652 0 0
0.0107267192883 0.447238856049 0 0
0.993309843517 -0.850127143389 0 0
-0.642913855444 -0.363366570403 0 0
0.990827595415 0.278032951507 0 0
-0.175894602816 -0.65453941477 0 0
0.887399690691 0.154884234635 0 0
-0.845658392423 0.13793498446 1 1
0.927168833242 0.341014374872 0 0
0.395109945132 -0.0876029583336 0 0
-0.752859905742 0.753157621459 1 1
-0.269530827603 -0.436091904311 0 0
-0.30598762532 0.0979618872763 0 0
0.962831327018 -0.820670873921 0 0
0.612388497758 -0.865393320367 0 0
-0.876312068468 0.965392952651 1 1
-0.481784801054 -0.70042642919 0 0
-0.514978099715 -0.42277194449 0 0
0.0254478294003 0.752888001835 1 1
0.369057406214 0.551134203171 0 0
0.978699387094 0.723771084751 0 0
-0.200686392636 0.490836526262 1 1
0.887204014857 0.764511328627 0 0
0.491817311557 0.143019003989 0 0
0.0273948300916 -0.613980960198 0 0
-0.126489003918 -0.618688273863 0 0
0.282188412728 0.621957282136 0 0
-0.922888279148 0.680098682792 1 1
-0.885620267788 0.815436618461 1 1
0.464761057516 0.787874591138 0 0
-0.393549087339 0.477783841453 1 1
0.4183595412 0.178893696365 0 0
0.755556211928 0.890788695355 0 0
0.978382647789 -0.324346965148 0 0
0.342873086737 0.17975987894 0 0
0.671188368665 -0.98133755267 0 0
0.643029232101 0.10646361047 0 0
0.58939089642 -0.582727811952 0 0
0.227070208898 0.51064736688 0 0
-0.511514839092 -0.611237443399 0 0
0.455305147693 0.582654573418 0 0
-0.183696780567 -0.913722962595 0 0
-0.344946399796 -0.788242354972 0 0
-0.387914751592 -0.073707279359 0 0
0.748882555191 0.628978168526 0 0
-0.143996475334 0.108383665008 0 0
0.314235051329 0.0543146409192 0 0
0.462156433859 -0.594375055649 0 0
-0.000672395626965 0.24090199976 0 0
0.810174133965 0.0881330898356 0 0
0.788438926833 0.375915198183 0 0
0.561893649678 0.0912770336811 0 0
-0.439154616992 -0.737182978795 0 0
0.321757516812 0.975181998588 1 1
-0.786238143292 0.388726879643 1 1
-0.462296232552 -0.882002518023 0 0
0.845871265179 0.503983731447 0 0
-0.280870287514 -0.455028673187 0 0
-0.134413060361 0.658318498575 1 1
0.153472675188 -0.131618393325 0 0
0.348274838507 0.961985133851 1 1
-0.72257617797 0.0331486670852 1 1
0.541777964476 0.354474521403 0 0
-0.575219427052 0.328512826002 1 1
0.600576906585 -0.838331695153 0 0
-0.0625179938791 -0.210805097887 0 0
-0.557301616038 -0.0711222044952 1 1
0.875391915562 -0.911271062589 0 0
-0.508005957191 0.673257216084 1 1
-0.882887256296 -0.105052155937 1 1
-0.498211792466 0.186359141841 1 1
0.239208330435 0.731584324986 1 1
0.854533122686 -0.59929624501 0 0
-0.415644716151 0.903871156718 1 1
-0.772394756719 0.322865043402 1 1
0.384604095142 -0.776088305739 0 0
-0.135899138806 -0.455014554452 0 0
-0.321987168536 -0.47505658716 0 0
0.0559712062344 0.179534207497 0 0
-0.0433143212771 -0.910188624501 0 0
-0.538895266848 0.984008267809 1 1
0.728660994543 0.17674232695 0 0
0.348534417796 -0.281138732251 0 0
0.400124618198 -0.41987060338 0 0
-0.23860766998 0.847516021385 1 1
0.214756871071 0.681222262595 0 0
0.719890493572 0.309009115515 0 0
-0.849482844168 0.241729994005 1 1
-0.414424124552 0.227156016411 1 1
0.0816779183463 0.0800671273281 0 0
0.0190390271358 -0.945765652184 0 0
0.321717991233 -0.163827433409 0 0
-0.336903352872 -0.74170966632 0 0
0.181879343271 -0.760340960773 0 0
-0.105097139736 -0.422621437283 0 0
0.240751931666 -0.44491496509 0 0
-0.734227816665 -0.0120229257803 1 1
-0.564465955426 0.580753239261 1 1
0.4354455018 0.883552657489 0 0
0.0693437971043 0.391043431232 0 0
0.0330173568845 -0.490258890626 0 0
-0.639715665309 -0.299778020509 0 0
0.774002671149 0.739220577244 0 0
0.89824187153 -0.854109962858 0 0
-0.165105986313 -0.711243200384 0 0
0.315002232747 0.391802286934 0 0
-0.353144776503 -0.118807074871 0 0
-0.560930155336 0.709659737475 1 1
-0.0317030435941 0.427135316701 1 1
-0.144589719755 0.219902788381 0 0
0.685605766893 0.4071933084 0 0
0.000955342963718 0.70676188276 1 1
-0.343757225308 -0.407112087192 0 0
-0.527557746968 0.576697220604 1 1
0.957484487155 0.332512212288 0 0
0.196677432365 0.527994289441 0 0
0.526007728221 -0.634741572001 0 0
-0.918804681538 -0.274806463795 1 1
-0.733690927773 -0.503435511638 0 0
0.124091202054 -0.913475541766 0 0
0.626549626547 -0.307029177913 0 0
-0.540542614322 0.413937032105 1 1
0.381861649744 -0.0635019927952 0 0
-0.0265629312476 -0.533188275233 0 0
-0.594040754621 0.231891029732 1 1
0.457877598674 0.544583794271 0 0
-0.250490261675 -0.933562561666 0 0
-0.116525990943 -0.645707158038 0 0
0.627804147265 -0.247364758994 0 0
-0.594429785197 -0.839753222801 0 0
-0.415825237732 -0.0914998339107 0 0
0.892582487016 0.300191849715 0 0
0.273370075228 -0.628776123817 0 0
-0.280061542702 -0.277523797521 0 0
0.619471762738 0.428660996401 0 0
0.685819057695 -0.1888061773 0 0
0.120510905169 0.780617967508 1 1
0.293055940297 -0.227702485914 0 0
0.297764346038 -0.0877690098203 0 0
0.267233250035 -0.916552165324 0 0
0.302727740849 -0.0944334140324 0 0
0.70595147503 0.316140411279 0 0
-0.542456498393 0.952603751591 1 1
0.556634426604 -0.0115957775479 0 0
0.738555358205 0.37969986754 0 0
0.461296965072 -0.289950092289 0 0
-0.176007644559 0.315877244581 1 1
-0.965660505 -0.626408907094 1 1
0.891042545645 0.214194119525 0 0
-0.121425753719 0.189849415433 0 0
-0.816944825135 0.629686388816 1 1
0.798669412764 0.288264714576 0 0
0.247751267889 -0.985245159674 0 0
0.67866906485 0.895708389154 0 0
-0.589303882011 0.701182185427 1 1
0.313153984652 0.0583459596242 0 0
-0.854891204139 0.0146509003974 1 1
0.0480161873216 0.538851575426 1 1
0.0594427234281 -0.374864914361 0 0
-0.107165551644 0.451641048678 1 1
0.0209493186552 0.301513750973 0 0
-0.279152333538 0.594035431719 1 1
0.23771654204 -0.748770491626 0 0
0.818265705987 -0.386514661736 0 0
0.684768915996 0.228234670035 0 0
0.567996908125 -0.740936914892 0 0
0.316687217658 0.280701553649 0 0
0.628081747863 0.087660456022 0 0
-0.65561825118 0.519966947653 1 1
-0.886917777149 -0.0631239765177 1 1
-0.695267722578 -0.0988153494408 1 1
-0.906907435471 0.627726895301 1 1
0.0566886592199 0.254669043527 0 0
0.231950153914 -0.603605420971 0 0
0.796981699262 -0.528764503991 0 0
0.0855025091241 0.586418796935 1 1
-0.307882060061 0.355777070782 1 1
0.733961459602 0.662692324071 0 0
0.684859885634 -0.889460396095 0 0
0.784435572281 0.787633920847 0 0
0.199434715526 -0.12618092522 0 0
-0.367388623398 0.522610730688 1 1
0.256789706688 -0.220435393343 0 0
0.931432595051 0.759619033979 0 0
-0.919083486515 0.471949505288 1 1
-0.80139103081 -0.302832129381 1 1
0.0978746489877 -0.203583044845 0 0
-0.431193673507 -0.895671679192 0 0
-0.538478911499 -0.779040171274 0 0
-0.167161304829 0.934075044282 1 1
0.798276941093 0.131290282066 0 0
-0.553958640107 -0.927794290401 0 0
-0.561845580949 -0.675043851181 0 0
-0.0888965773253 0.176129160394 0 0
0.470383265767 -0.267401420555 0 0
0.0415110770788 0.185063959707 0 0
0.379934177699 -0.338118669296 0 0
-0.28149802086 -0.247181693977 0 0
0.564088238903 -0.0046319149905 0 0
-0.619790174546 0.930060559389 1 1
0.488496000297 0.483217299419 0 0
-0.975257568116 0.436000140183 1 1
0.181804651309 -0.963717726661 0 0
-0.982060042301 -0.598280255106 1 1
-0.135496610589 -0.439729165722 0 0
0.913772266455 -0.290836347445 0 0
-0.961226380606 -0.995836107932 0 0
0.299974356492 0.818156462149 1 1
0.142534836829 0.330192788379 0 0
-0.968879791001 0.821413273033 1 1
-0.595502726987 -0.0650405474365 1 1
0.41278489395 -0.705936652878 0 0
-0.732016262938 -0.417747097843 0 0
0.686131879994 0.434732297391 0 0
0.462287328736 -0.384006575127 0 0
0.342165217461 -0.41666071073 0 0
0.0299642903527 0.832175813255 1 1
0.537634162291 0.226573231891 0 0
-0.0851873191405 0.150006597674 0 0
0.122514399758 -0.746683705151 0 0
-0.19027985863 -0.32302080076 0 0
0.190235559296 -0.666084999413 0 0
-0.208749013778 -0.619585282983 0 0
-0.140169132472 0.838668525353 1 1
-0.669231643034 0.299362563588 1 1
-0.10384983107 0.894018392703 1 1
-0.881913976835 0.411766764801 1 1
-0.975494812755 0.260277700365 1 1
0.472633924328 0.828122262035 0 0
-0.285479721959 -0.154544853941 0 0
-0.706275497389 -0.648224325324 0 0
0.487235706911 -0.213244262461 0 0
-0.853829641291 -0.379681742665 1 1
0.49885589381 0.425907138744 0 0
0.731414834936 0.586700745088 0 0
0.497178808967 -0.689349682667 0 0
-0.348311219471 0.891918357799 1 1
0.0394839977786 -0.827073151916 0 0
0.848217603781 0.203788184859 0 0
-0.349316541956 -0.684102342194 0 0
0.233039930519 -0.0877745834985 0 0
-0.028830891595 -0.509216726861 0 0
-0.0700336127635 0.32132172486 0 0
0.752294238321 -0.314275496783 0 0
-0.359455021336 0.764944625181 1 1
-0.25218483097 -0.150432558243 0 0
-0.817883652321 0.144558429165 1 1
-0.64189283464 0.662307071783 1 1
-0.269122627979 -0.78426458958 0 0
-0.65862488125 -0.204026736451 1 1
0.930122801645 -0.461576678706 0 0
-0.492572264365 0.194140531134 1 1
-0.0219363118814 0.125324091142 0 0
0.820424819944 0.102790120221 0 0
-0.955632037268 -0.38859526828 1 1
0.78457044129 0.504325407775 0 0
-0.599078876731 0.797404217774 1 1
0.947832513254 -0.9709769189 0 0
-0.152622353273 -0.456297483406 0 0
0.115704682696 -0.474031217904 0 0
0.664929282186 0.301080655126 0 0
-0.781362078975 -0.469196178659 0 0
-0.666831380367 0.422917021877 1 1
0.94765251855 -0.101522920079 0 0
-0.384267867398 0.645139307811 1 1
-0.849820581516 0.382182830131 1 1
0.785090061057 -0.848458743644 0 0
-0.280184230754 -0.933294119872 0 0
-0.41601920018 0.0559043767116 1 1
-0.483987794352 0.036018682776 1 1
-0.434635001773 0.975920941648 1 1
0.42109962126 -0.18855163201 0 0
0.423252369113 0.938246414896 1 0
0.0284366561364 0.267944327318 0 0
-0.94901974861 -0.439054143934 1 1
-0.320789959172 0.864838323006 1 1
0.0514467500206 0.748216403971 0 1
0.252299711525 -0.902845523862 0 0
0.517796384217 -0.162347912783 0 0
-0.362570482141 -0.629992358097 0 0
-0.373668941009 0.669498333111 1 1
0.732608855224 0.761042106843 0 0
-0.396443974168 -0.0237156586391 1 0
-0.274562981014 -0.825484973159 0 0
-0.610952542252 0.346697567814 1 1
-0.928183124034 -0.977360858409 0 0
-0.584784400795 -0.501014302836 0 0
-0.143178408831 -0.68751613428 0 0
0.851914571073 -0.0938250526696 0 0
0.903552493414 -0.805815291937 0 0
0.0368706388561 -0.667162233182 0 0
0.478823184527 -0.718698420928 0 0
0.490884889068 -0.305715897843 0 0
0.543330424714 0.0805882687673 0 0
0.909764539357 0.35238154174 0 0
0.45787533078 0.496477590904 0 0
0.774106532352 -0.125529214988 0 0
0.499114150696 -0.337570857557 0 0
0.203474739772 -0.792020964505 0 0
0.310410926758 -0.179492935567 0 0
0.722419896503 0.040844367727 0 0
0.862398060491 0.655880125721 0 0
0.751656731777 0.467735942283 0 0
0.567531591383 0.798474242136 0 0
-0.553358894188 0.916965438621 1 1
-0.137652857372 0.639150878298 1 1
-0.530780587927 -0.209849652098 0 0
-0.691065155779 0.0423326361533 1 1
0.765800089203 0.0359854343926 0 0
0.939100010286 0.0649672070185 0 0
-0.0431828934634 -0.589353613149 0 0
-0.0785252509403 0.833705264886 1 1
0.193066459442 0.791412654616 0 1
0.626570162821 0.985089390433 0 0
-0.693222937554 0.947298914901 1 1
0.433933245811 0.335022367131 0 0
0.0986859690473 -0.194494580038 0 0
0.484724807641 0.512783910996 0 0
-0.49344821262 0.332264356927 1 1
-0.17955064898 0.898648551161 1 1
0.12403345342 -0.503828781782 0 0
0.327509600413 -0.566463155234 0 0
-0.756218113617 0.105761967489 1 1
-0.978874493332 -0.0277622535465 1 1
0.434943172679 0.0768016460779 0 0
0.513790288687 0.286577690598 0 0
0.415827485485 -0.0929308641491 0 0
0.858540128479 0.0263144494509 0 0
0.756772871976 -0.429124776176 0 0
0.103785259782 -0.130673130038 0 0
-0.347278340452 -0.314018027946 0 0
0.518407001281 0.361151392128 0 0
0.186319456479 0.736073179595 1 1
-0.322554848251 -0.903157737051 0 0
-0.771011529678 0.850031982688 1 1
0.111100024507 0.354222108927 0 0
-0.617136835066 0.956758511424 1 1
0.696695659905 -0.719774647649 0 0
-0.298524920611 -0.766366525228 0 0
0.384246666549 0.969579005828 1 1
-0.0488852555816 -0.580081291903 0 0
0.951661633441 -0.980369725459 0 0
-0.191550837651 -0.518316188771 0 0
-0.602305392022 0.48397015018 1 1
0.674211257431 0.890610322001 0 0
0.185253496951 -0.919955705308 0 0
-0.725683955194 0.0690516985962 1 1
0.240084070135 0.0568692339969 0 0
-0.845464155186 0.25856815202 1 1
0.282792057675 -0.755051379106 0 0
0.170907817666 0.751867565346 1 1
0.539921782997 -0.981855258489 0 0
0.985250146343 0.409800358405 0 0
-0.0572046388475 0.358037728112 1 0
0.338646339641 0.198274901946 0 0
-0.878675152522 0.702813613133 1 1
0.724031974679 -0.905259717613 0 0
-0.839656038408 -0.288449938347 0 1
-0.394648267658 -0.469861486924 0 0
0.0969765188461 0.496523000857 0 0
0.938149356397 -0.537778045251 0 0
-0.70765716869 0.902609354881 1 1
-0.369627641917 -0.471354139204 0 0
-0.505080041298 -0.576758792147 0 0
-0.793512127756 0.391632698854 1 1
-0.985455472663 -0.0779993281707 1 1
0.750805259946 -0.824644666314 0 0
0.187250299743 0.425425862622 0 0
-0.970996221454 -0.395837347404 1 1
-0.238900352224 -0.789138742269 0 0
-0.468909777779 0.362052749094 1 1
-0.935804924944 -0.127692085335 1 1
0.393843634305 0.31916238927 0 0
0.00863730750787 0.982439205754 1 1
-0.875520003307 -0.267416084268 1 1
0.292279087342 -0.94928873178 0 0
0.0344181231566 -0.679877078009 0 0
0.10473515513 0.454175075919 0 0
-0.816199538191 0.720636718364 1 1
0.385760406551 -0.435788453816 0 0
0.400721671196 -0.0367485182884 0 0
0.831651084906 0.999534040165 0 0
-0.824734553492 -0.0596094054678 1 1
0.944366032923 -0.538726881866 0 0
0.227101576995 -0.771800433002 0 0
0.926160409398 -0.587735713617 0 0
0.17577662994 -0.578353364109 0 0
-0.868080072597 -0.598865284125 1 0
0.636058953168 -0.712378222084 0 0
-0.728219774302 0.3973032262 1 1
0.182571141904 0.220092003151 0 0
0.479961063535 -0.428486561177 0 0
-0.354567460736 -0.784027315705 0 0
0.24689820528 -0.294558070148 0 0
0.67355867637 -0.0698458073795 0 0
0.774632052047 -0.692905773223 0 0
0.213198781879 -0.391796841888 0 0
0.367378117871 -0.69403624359 0 0
-0.30501194408 0.227528558172 0 1
0.947019218061 0.906431976107 0 0
-0.267814491304 -0.57136921333 0 0
0.977919830495 0.343138108375 0 0
-0.697300628115 0.0522720408221 1 1
-0.312136958518 0.718182090265 1 1
0.650943896079 -0.167615921689 0 0
0.850299402656 0.383492591891 0 0
0.689446400234 0.903395595979 0 0
0.59342134257 0.173105407841 0 0
0.515168471746 -0.356773912923 0 0
-0.239543607141 0.356392399735 1 1
-0.725267194253 -0.801283761193 0 0
-0.214240074108 0.997125122498 1 1
0.602292197688 0.279514493109 0 0
-0.952223345195 -0.89817562918 0 0
-0.374445531659 -0.188329471033 0 0
0.264443409314 -0.834655426182 0 0
-0.873098860585 -0.94526844363 0 0
0.835535335063 -0.131428176 0 0
-0.710645798308 0.378311345582 1 1
0.0444099949013 -0.813142377708 0 0
0.814552638944 -0.957255248266 0 0
0.727356699993 0.55003356951 0 0
-0.792038057412 -0.553205408134 0 0
-0.515664869336 0.278479542189 1 1
0.980632572146 -0.269598193103 0 0
-0.371662085941 -0.874087127293 0 0
-0.61159513926 0.759562408351 1 1
-0.742077115665 0.516717595562 1 1
-0.0364954905737 0.481152054466 1 1
-0.845020064394 0.07870448553 1 1
0.820806105735 -0.45138547632 0 0
0.138935750367 -0.323667419927 0 0
-0.270308899993 0.879327590683 1 1
0.40897467011 -0.563984266521 0 0
0.179084204551 -0.481106678647 0 0
-0.245111441663 -0.314781637357 0 0
0.15317360118 0.263829144959 0 0
0.229067322458 -0.456796702013 0 0
-0.731337212473 -0.285074756866 1 1
-0.673463859803 0.81843952831 1 1
0.44712771366 0.724536833306 0 0
0.44826147232 0.682553633512 0 0
0.20944615069 -0.7766964783 0 0
0.0431317235945 -0.983776962892 0 0
-0.0949377483485 0.602860759351 1 1
0.249846885721 0.188787492909 0 0
0.486754199592 0.0162665102008 0 0
-0.703884258242 -0.681516755381 0 0
0.252116028326 0.979863554376 1 1
-0.797518536996 0.518069223746 1 1
-0.998188805808 0.980168362066 1 1
-0.816567613264 -0.842321387218 0 0
0.091437729049 0.409335011476 0 0
-0.25094357835 -0.846808547177 0 0
-0.675986952078 -0.687999922212 0 0
0.857501458411 -0.0474190275681 0 0
0.563206693131 0.842160524142 0 0
0.907458440656 0.506500074584 0 0
0.472263428678 0.446470418164 0 0
-0.229634966466 -0.078920758158 0 0
-0.6428398772 -0.95813101713 0 0
0.0218159051058 -0.310637727322 0 0
-0.682585818078 -0.716375629064 0 0
-0.922582815436 0.469635110952 1 1
-0.133305117438 -0.137542803985 0 0
-0.994072965331 0.320543072363 1 1
-0.781738335603 -0.88204585066 0 0
0.966309617478 0.143749269102 0 0
-0.325462960803 -0.705527333466 0 0
-0.123637562015 -0.787785340857 0 0
0.431542888976 -0.845079578482 0 0
-0.828243696423 0.103113014068 1 1
0.176999035146 0.753700772683 1 1
-0.223986284842 -0.190941980201 0 0
-0.619825966556 0.526020723919 1 1
-0.528337578728 0.560488671585 1 1
0.0759569546384 0.127242970335 0 0
-0.0504182004626 -0.436653711784 0 0
-0.464248803664 0.413780785199 1 1
-0.124602439942 0.948938695903 1 1
0.318662325349 -0.0496325681129 0 0
-0.697059498665 -0.841318685099 0 0
-0.964334306133 0.27764154335 1 1
-0.818974726335 -0.633324979899 0 0
-0.816491711597 -0.62714427177 0 0
0.093502753838 -0.188932043025 0 0
-0.544894514229 0.373051592168 1 1
-0.0242154067478 -0.609642132438 0 0
0.396544559104 0.842542051955 1 0
-0.729678957528 0.673195094511 1 1
0.446958928428 0.491855681183 0 0
0.316899930683 -0.27663394206 0 0
0.558291061224 -0.599128887744 0 0
0.841690554322 -0.793840391879 0 0
0.750216223877 -0.957139379715 0 0
0.734562710161 0.46069971524 0 0
-0.372151094287 0.544537285082 1 1
-0.309569514116 0.958829885924 1 1
0.728805044582 0.982956136964 0 0
0.0758453984157 0.800890982327 1 1
-0.716237165824 0.491581636791 1 1
-0.190366602974 -0.0106757882582 0 0
-0.591137870897 -0.216970680791 0 0
-0.277210000412 0.982092430418 1 1
0.942144472953 0.648707448433 0 0
-0.745328832821 -0.816110232924 0 0
-0.875609882288 -0.236167990345 1 1
-0.283122537425 -0.346430626263 0 0
-0.215395613942 -0.525774171606 0 0
-0.143123774274 0.454433105033 0 1
0.609547760585 -0.399833873039 0 0
-0.822750165389 -0.34228483801 1 1
-0.378737000709 -0.855418075241 0 0
-0.893358606203 0.913488053735 1 1
0.796524780737 0.559312806124 0 0
0.946932262913 0.123027870159 0 0
-0.0635356654148 -0.737075991463 0 0
0.664010921322 -0.289980228923 0 0
0.138584461985 -0.367413294706 0 0
0.751107160831 -0.830862208412 0 0
0.838051674668 -0.441173243984 0 0
-0.609698218814 0.731085151552 1 1
-0.0995248123887 -0.17009802977 0 0
0.841939921558 -0.766139582826 0 0
-0.23360428645 0.200683152297 1 1
0.426116978654 -0.537687196937 0 0
0.183884307334 0.788258085454 1 1
-0.959093054025 0.289954977071 1 1
0.0191963379773 0.242397022306 0 0
0.48390878344 -0.799067566896 0 0
-0.510852358743 -0.206547374174 0 0
-0.881891671054 -0.930637347175 0 0
-0.73034671103 0.284257890696 1 1
0.82455209084 0.805114569134 0 0
0.522815171387 0.408201671087 0 0
-0.269249853 -0.22278979584 0 0
0.978839449673 0.707224678961 0 0
0.469967526094 0.907008298897 0 0
-0.514481865462 0.321151227575 1 1
-0.708982384498 0.844313320244 1 1
-0.0322932773714 0.469466721589 1 1
-0.308500560751 0.051295863672 0 0
0.936434683058 0.888761916792 0 0
0.513212548188 -0.753383096739 0 0
0.273035988893 0.544510019407 0 0
0.315314590097 -0.562725378306 0 0
-0.985267976533 -0.548246556601 1 1
0.776151738954 0.138025660529 0 0
0.301291340151 0.692166282275 0 0
-0.601031984836 0.483161389418 1 1
-0.0699651526844 -0.560902272945 0 0
0.507677863388 -0.224537522225 0 0
-0.157399928308 -0.481293285049 0 0
0.0790037551576 0.434459835336 0 0
-0.334300438205 -0.69516578491 0 0
-0.0707336308642 -0.937924824993 0 0
-0.212987721045 -0.979083342762 0 0
0.114153681864 0.712908832306 1 1
-0.441473411549 0.815671549479 1 1
-0.712980314004 -0.124493283957 1 1
0.194720716599 0.370459649655 0 0
-0.968314598804 -0.309480914591 1 1
0.741665947038 0.902337919626 0 0
-0.0522536346734 0.264815805899 0 0
0.246897065773 0.811703185175 1 1
0.472517484725 0.873720135757 0 0
-0.169181108017 -0.355982306662 0 0
0.438476597002 0.560248798565 0 0
-0.632428936828 0.978056658742 1 1
0.106532579886 -0.639260467726 0 0
-0.395407847921 0.306771234425 1 1
0.544778939652 0.610113514561 0 0
-0.657664781327 0.913077349599 1 1
-0.556069749371 0.102585256722 1 1
0.0364396483994 0.084471512962 0 0
0.185155574684 -0.646032180186 0 0
-0.347346737829 -0.522032400357 0 0
0.579340632185 0.864794569882 0 0
-0.2104407643 -0.595295382011 0 0
-0.455556330433 0.450317186993 1 1
0.542130171141 -0.401534582828 0 0
0.555095706507 0.0793048060049 0 0
-0.191360718893 -0.524975507926 0 0
-0.584917525121 0.529366631514 1 1
-0.236093845673 -0.265452967938 0 0
0.0726664733688 0.0434368948698 0 0
0.227630990866 -0.968881761865 0 0
-0.374187407881 -0.196037492878 0 0
0.716189814782 0.682430186464 0 0
-0.744261102493 -0.138884687472 1 1
0.832149627238 -0.0458935645205 0 0
0.762208216947 0.766284974636 0 0
0.896225467548 -0.801916472564 0 0
-0.235646424127 0.639334586356 1 1
-0.36581924941 0.825004222136 1 1
0.326848070857 -0.44237822265 0 0
0.46892302486 -0.16904438318 0 0
-0.481681550969 0.424162359791 1 1
0.54943728339 0.83028828513 0 0
0.762068279771 0.334713418252 0 0
0.419945448003 -0.870036078226 0 0
-0.699288475885 0.954772781519 1 1
0.219852600414 0.596239916158 0 0
-0.0676691322946 0.806227442972 1 1
0.722259011166 0.420998806378 0 0
0.304086320067 -0.485002096173 0 0
0.683478701452 0.523107153373 0 0
0.915351398134 0.944662421381 0 0
0.225256429656 0.10114624747 0 0
0.444945366747 0.799564609303 0 0
-0.124479137259 -0.685618704618 0 0
0.545737579825 0.513633194242 0 0
-0.289516303749 -0.822441170748 0 0
0.510070773823 0.275800879874 0 0
-0.776680539582 -0.115154139402 1 1
0.90469605306 0.747760030801 0 0
-0.955983845557 -0.892611635596 0 0
-0.043101850689 -0.296536271284 0 0
-0.0639490204178 0.0868882143479 0 0
0.826820680642 -0.0469069510088 0 0
-0.737961322122 -0.743732263159 0 0
0.363240681038 -0.376554551521 0 0
-0.883309204922 -0.61792348945 0 0
0.945873576943 -0.822515720891 0 0
-0.985629581916 -0.616298962687 1 1
-0.229078701768 -0.711873038853 0 0
0.135490493796 -0.620736143955 0 0
0.543553080402 -0.0903224179148 0 0
0.737279031396 -0.615604319788 0 0
0.627947566872 -0.176437527202 0 0
0.0628547943178 -0.179056259803 0 0
0.70679380946 -0.679653300637 0 0
0.2420979969 -0.211224803155 0 0
-0.98282321833 0.497295335736 1 1
-0.607982951908 0.815720550958 1 1
0.347724342365 0.669448382788 0 0
0.627010424093 0.700508508503 0 0
0.939168492846 -0.127344941689 0 0
0.173211587223 -0.69150358821 0 0
-0.213111201006 -0.40007731722 0 0
-0.886076495898 -0.346816718136 1 1
0.129218833188 0.336038865241 0 0
0.344926979982 0.211706070605 0 0
-0.699547360515 0.664325423471 1 1
0.173045066303 -0.448194703935 0 0
0.880608289087 -0.409364703691 0 0
-0.175389372132 -0.0950416224486 0 0
-0.100059138045 0.873211178635 1 1
0.924216931135 -0.939736484186 0 0
-0.917112984271 -0.649330014441 0 0
0.697524341523 -0.432816965511 0 0
0.267665809254 0.96729381101 1 1
0.983424456792 -0.502637876996 0 0
0.773710052439 -0.956061895572 0 0
-0.163645774933 -0.588641241221 0 0
0.667464307604 0.546592164214 0 0
-0.842858856593 -0.196393704164 1 1
0.266058026987 0.18182332135 0 0
-0.378530822814 -0.416252092032 0 0
-0.499076382529 -0.67303135849 0 0
0.162012204584 0.118037024733 0 0
-0.44585655 -0.76650054696 0 0
-0.551275967776 0.861385225801 1 1
0.959505562909 0.603980612046 0 0
-0.549757894723 -0.399624021423 0 0
-0.304336190064 -0.480907018431 0 0
0.82506175045 -0.278732237961 0 0
-0.858591358203 0.526979705342 1 1
0.00439385023033 0.253504917742 0 0
-0.67441421412 0.906142171565 1 1
-0.11967168795 -0.782600263879 0 0
-0.125397927401 -0.581946985401 0 0
0.809956925759 0.995747675278 0 0
-0.258934176935 -0.816691712489 0 0
-0.998178096869 -0.907022180767 0 0
-0.374904799165 0.00777176118136 1 0
-0.729417432516 -0.146127910681 1 1
-0.546873859732 0.364368242955 1 1
0.495914484225 0.496645926962 0 0
-0.52210558776 -0.987018765229 0 0
-0.55781004297 -0.131131944516 0 1
0.524208401451 0.735774003824 0 0
-0.218997789433 -0.346915664786 0 0
-0.0586904862497 -0.198911049898 0 0
-0.902336443506 -0.921603014395 0 0
0.0513921032626 -0.757320775104 0 0
0.0142184417115 -0.505471739295 0 0
-0.971783807253 -0.82513398594 0 0
0.066225457665 -0.941774893319 0 0
-0.529738178968 -0.113035744032 1 1
0.256799238705 0.0747268470063 0 0
0.386996144236 0.344347362775 0 0
0.173424942181 0.263961880088 0 0
0.00396921125159 -0.00998293079968 0 0
-0.423601957183 0.109422351228 1 1
0.106203955365 -0.949909430605 0 0
-0.661937457546 0.819414022082 1 1
0.675325764401 0.390907225883 0 0
0.844434709281 -0.825195797304 0 0
0.923601471547 -0.593025432234 0 0
0.089360616545 -0.504249302445 0 0
0.0474001929399 0.363437216782 0 0
-0.895183989644 -0.694990037513 0 0
-0.693869455794 -0.477822135665 0 0
-0.165991945101 0.594234043697 1 1
-0.0534702509455 -0.736612367438 0 0
0.371136098256 -0.0498333580541 0 0
-0.594430446029 -0.0561210769842 1 1
0.302989016269 0.919462773789 1 1
-0.81205615586 -0.330548074529 1 1
-0.903634199093 -0.549285956815 1 1
0.695337145321 -0.522055271965 0 0
-0.484167684164 -0.112791208182 1 0
-0.372300801968 0.22461491189 1 1
0.349127743829 -0.876760586399 0 0
0.693058324876 0.265530203913 0 0
0.230893175537 0.650622940528 0 0
-0.800924903612 -0.543055277629 0 0
-0.896334060621 0.103349188072 1 1
0.857254817565 0.277320526384 0 0
0.743262078542 -0.99544126544 0 0
0.0798762689624 0.790724027951 1 1
0.782521368923 -0.150171357419 0 0
-0.556817602943 -0.16065342054 0 1
-0.175370540651 0.352739867492 1 1
0.863283822479 0.0169473173285 0 0
0.558836953645 0.652015059998 0 0
0.791478959042 0.780741371153 0 0
0.838427193456 -0.868595980077 0 0
-0.124352193356 -0.96621189568 0 0
-0.735594901381 -0.461772367228 1 0
-0.289942866556 -0.319319752662 0 0
-0.10739914588 -0.178095108209 0 0
-0.673017350015 0.824174671078 1 1
0.367491068342 0.20140416867 0 0
-0.0226581423503 -0.838600594601 0 0
0.326695889506 -0.992713585459 0 0
0.949640924263 -0.284518430707 0 0
0.284627512502 0.0573361397105 0 0
0.0471194346494 -0.379039463504 0 0
0.503566243789 0.38158307266 0 0
-0.0543013678497 -0.407079351118 0 0
0.75252868656 -0.281570418806 0 0
0.460023288995 0.989482212162 0 1
0.869374094972 -0.903248935261 0 0
0.660246575408 0.875407616489 1 0
-0.972808652434 0.624892576376 1 1
0.00169420082358 -0.520733741474 0 0
0.0730398228801 0.392188924913 0 0
0.656029271897 0.543674308502 0 0
-0.710975145685 0.302279747235 1 1
0.44675861083 -0.588229572591 0 0
-0.180621627604 -0.869629989144 0 0
0.608798890969 0.746824342566 0 0
0.888310555885 0.786549266301 0 0
-0.310491273468 -0.274799034071 0 0
0.207612719327 0.166914691641 0 0
-0.0717940393183 -0.525068275947 0 0
0.950864298967 0.977211260706 0 0
0.933396950499 -0.244008860039 0 0
-0.281465802618 0.98855843223 1 1
0.793905494346 0.787191195798 0 0
0.447945838782 0.397945288255 0 0
0.563723526484 -0.384756133603 0 0
-0.636666628229 -0.776590942721 0 0
0.760029698124 0.449877892233 0 0
-0.766747741066 0.219055228181 1 1
-0.477085484136 0.703478636601 1 1
0.0582119836646 0.777871551486 1 1
0.184085416244 -0.345353601389 0 0
-0.432038360608 0.997435827161 1 1
0.999308797279 -0.803884537137 0 0
0.501155377073 -0.161861285686 0 0
0.706685707364 -0.242172992033 0 0
0.641324277667 0.926266607892 0 0
-0.146893054955 0.0855969023696 0 0
-0.957961340383 -0.718315707583 0 0
0.892031712434 0.520394689827 0 0
0.204856208916 0.0800453435694 0 0
0.451546173461 0.730334151628 0 0
-0.334255580714 -0.098480211995 0 0
0.989440547687 0.54957681581 0 0
-0.961398200265 0.723044994863 1 1
-0.965072932103 0.328653417057 1 1
-0.641278777623 -0.271202539662 0 0
-0.31768439787 -0.29954701975 0 0
-0.464732958487 -0.742219999941 0 0
-0.862375323049 0.377615360175 1 1
-0.686501140469 -0.755488349497 0 0
0.373138955006 0.765649736729 0 0
0.681761856892 0.624570999369 0 0
-0.0587761766306 0.320398837645 0 0
0.768551040901 -0.584638813399 0 0
-0.0295884293697 -0.647764699136 0 0
-0.619196581005 0.339308599825 1 1
0.712655566805 -0.794772274785 0 0
-0.86417588476 0.511826648749 1 1
-0.432479036217 -0.62295470917 0 0
-0.977317943785 -0.711767175098 0 0
-0.481573967561 0.0342950184725 0 1
0.962450927073 0.13093029298 0 0
-0.77081954968 0.247427790186 1 1
-0.808887121283 0.135543269207 1 1
0.986050673668 -0.906786133803 0 0
0.20131186901 -0.463362810172 0 0
-0.585742184617 0.358017306546 1 1
-0.823038093555 0.276721539016 1 1
0.180474097251 0.102855538032 0 0
-0.788584561436 -0.497643558689 0 0
-0.822481104799 0.803636407367 1 1
-0.661289582826 0.322357349219 1 1
-0.248200780439 -0.382589270666 0 0
-0.49218124975 -0.105126901345 1 0
-0.41638294175 -0.562600345488 0 0
0.111394836124 -0.153303067226 0 0
0.685710097769 0.821202141946 0 0
0.86011832288 0.836385908284 0 0
0.330091100835 -0.886403904206 0 0
-0.548853405472 -0.386444058862 0 0
0.69669708641 0.673068211411 0 0
0.79951433011 0.0418474946864 0 0
-0.493508324471 -0.821120506091 0 0
0.155270765952 -0.195585235756 0 0
0.460342176625 -0.29199893199 0 0
-0.50821360823 -0.178261898153 0 0
0.0209947126914 -0.503793842309 0 0
0.550356542307 0.338747191459 0 0
0.477827880687 0.858572191367 0 0
-0.596274801743 -0.892745400384 0 0
-0.376682216903 0.272121910487 1 1
-0.333721394423 -0.949413624772 0 0
-0.647470406033 0.718392164841 1 1
0.685887335823 0.847107947029 0 0
0.488689877374 -0.799004033514 0 0
-0.371025505431 -0.569361910443 0 0
-0.495357842684 0.940732614437 1 1
0.0813284643075 0.195772225846 0 0
-0.252099703878 0.511579125567 1 1
0.931852812569 0.693706455616 0 0
-0.171748619122 0.0691366794289 0 0
0.736459234118 -0.465943033542 0 0
0.55703126727 -0.397439841622 0 0
-0.0732347616922 0.932452748859 1 1
-0.158735811887 -0.697144957 0 0
-0.711256838835 -0.99705159559 0 0
-0.835116382365 0.994954813826 1 1
-0.53899230708 -0.937008107548 0 0
0.246419393459 0.973521030028 1 1
0.758623976079 0.230600080094 0 0
0.281834595282 0.168776146663 0 0
-0.82848906971 -0.234894852796 1 1
-0.777185404344 0.968866574991 1 1
-0.004893937423 -0.803795742867 0 0
-0.440047072412 0.330606587805 1 1
-0.111849009563 0.972708749193 1 1
-0.918752243246 0.103171135287 1 1
0.896845125724 -0.288492489215 0 0
-0.921285010035 -0.403901131297 0 1
-0.378363539902 0.180208839453 1 1
0.734969302037 0.449197282035 0 0
-0.440348083486 -0.0276742218132 1 1
-0.892485258874 0.877739890416 1 1
0.81817361783 0.755688079579 0 0
-0.3659149555 -0.36308080308 0 0
0.647239281534 0.692599657324 0 0
-0.69494016445 0.604956094702 1 1
-0.1886196468 0.448807485859 1 1
-0.482975100378 0.626148199779 1 1
0.953863116383 0.994476753654 0 0
-0.855190798964 0.456786784871 1 1
0.513781776152 0.496408994759 0 0
-0.785167376451 0.623758417781 1 1
-0.133499635333 0.189882743409 0 0
-0.890697169668 -0.0837848047677 1 1
-0.295347517835 0.84352945561 1 1
-0.397986170556 -0.477160905031 0 0
0.0585676339235 0.705660155994 1 1
-0.664524956975 0.0994575215833 1 1
0.590546403654 -0.127675070203 0 0
0.497569251443 0.280789152712 0 0
-0.480214809884 0.373949747805 1 1
-0.132077192389 -0.453289593765 0 0
0.0519582636305 0.567835321602 1 1
0.835815732882 -0.5301788771 0 0
0.0391498653094 0.851104274009 1 1
0.221574245578 0.299029468138 0 0
-0.0773920727816 -0.574996580433 0 0
-0.858747019025 0.458206157349 1 1
0.75268475473 -0.149606999563 0 0
0.303671565439 0.0475143096064 0 0
0.4514553909 -0.674255500795 0 0
0.0701966675825 -0.641656135078 0 0
-0.924220388982 0.370525087596 1 1
-0.340446308571 0.55093915249 1 1
-0.539978563754 -0.974403012738 0 0
0.181170542303 -0.763096597152 0 0
0.647951191245 -0.200198430236 0 0
0.718606186566 -0.580197900967 0 0
0.10549066859 -0.559198010718 0 0
-0.987931695767 -0.844699255712 0 0
-0.804594041817 -0.263674844761 1 1
-0.775687607982 0.328763535798 1 1
-0.289398774854 0.265895369657 1 1
-0.254651818895 -0.26268076411 0 0
0.0551701421731 0.895300573577 1 1
-0.193633180607 -0.286853234061 0 0
-0.529031797347 0.319583785592 1 1
-0.257978605691 -0.0837917647553 0 0
0.138748579312 0.320153054412 0 0
0.592709191923 0.961651800939 0 0
-0.0621634509463 -0.79199828483 0 0
0.957436603875 0.910856145128 0 0
-0.0323035097567 -0.479371876341 0 0
0.072562114008 -0.441361467246 0 0
0.465519554681 0.973633308604 1 0
-0.711859430645 -0.527493116788 0 0
0.403713734778 0.492331677712 0 0
-0.237763329634 0.144167835775 0 0
0.134647754177 -0.951225433977 0 0
0.891461961364 -0.81066491308 0 0
-0.367937693955 -0.315159423241 0 0
-0.189029605419 -0.865168479963 0 0
-0.174360739028 0.91595976007 1 1
-0.854758569892 0.7620446838 1 1
0.820535813631 -0.136397354819 0 0
0.814098540929 0.534512018394 0 0
-0.778936886275 0.167583116272 1 1
-0.229506278153 -0.421751944479 0 0
-0.1669236369 -0.621253964632 0 0
0.701980269833 -0.646414169716 0 0
-0.393132571346 0.80388560604 1 1
-0.275559990543 0.478830189016 1 1
-0.0540512257908 -0.926031828871 0 0
-0.835847088487 0.511635273822 1 1
0.494991709938 0.336548152207 0 0
0.847338018242 0.286098318269 0 0
-0.911285211701 -0.940034001721 0 0
0.00283565609393 -0.672012755106 0 0
-0.691097398372 0.601314660308 1 1
0.636208184277 -0.131478094099 0 0
-0.222868433076 -0.577158663171 0 0
-0.9045401215 0.503372527597 1 1
0.410805440468 0.989565565085 0 1
-0.992070773897 0.0313843427365 1 1
0.810014093566 0.452849334317 0 0
0.0155200757364 -0.600868868451 0 0
-0.600476977364 0.459942968756 1 1
-0.406395831984 0.831709221067 1 1
-0.456400992586 -0.421947453541 0 0
-0.700840869217 -0.531169657823 0 0
-0.0537320849896 -0.176465733729 0 0
0.466084115748 -0.0501551459657 0 0
0.13844762585 -0.00758409245863 0 0
0.63853927048 0.705709715084 0 0
-0.805352437965 0.351008729709 1 1
-0.263272810731 -0.715785959639 0 0
-0.0347590973881 0.400866316963 1 0
0.0530771757502 0.623629968207 0 1
0.668489724683 0.902497084016 0 0
-0.285773524772 0.263835434684 1 1
0.446115855396 -0.417731510734 0 0
0.0389228468845 0.0436563803162 0 0
0.94835922707 -0.206559931884 0 0
-0.587605025409 0.563402591167 1 1
0.0912988989434 0.303062211462 0 0
-0.85163115821 -0.454436844398 1 1
-0.711954561472 0.125484910597 1 1
0.657453313312 -0.428088699552 0 0
-0.106036799158 -0.656551383801 0 0
-0.503337465176 0.975162127617 1 1
-0.186844428173 -0.282375931375 0 0
0.46270770439 0.581047284145 0 0
-0.0350397658447 0.114791150061 0 0
-0.522492479391 0.125806249337 1 1
0.087117958034 -0.711690769383 0 0
-0.107482995543 0.862389668843 1 1
-0.129446122398 0.553067268247 1 1
0.0797978337161 -0.433726526851 0 0
0.818723790121 -0.539273990598 0 0
0.264592829563 0.800728286261 1 1
0.204114136201 0.635454224701 1 0
0.865710665975 -0.427567944834 0 0
0.363441225341 -0.687830416371 0 0
0.83718430884 -0.417928312415 0 0
-0.329879097593 -0.189248351865 0 0
-0.773450269376 -0.405806627671 1 1
0.256568482229 -0.167329830135 0 0
-0.735925526374 0.714017959269 1 1
-0.771078115124 -0.901425812446 0 0
-0.370130662749 -0.736862059866 0 0
0.554644757215 -0.928322349091 0 0
0.551156822086 0.800628652196 0 0
-0.350265307505 -0.673297716762 0 0
-0.487475674676 0.106494512571 1 1
-0.234971612637 -0.0542989439157 0 0
0.512890300038 0.627076219714 0 0
0.583996844194 -0.461482600619 0 0
0.68703945856 0.970580942568 0 0
0.536958499866 -0.989913090596 0 0
-0.897583092483 -0.90717837223 0 0
-0.902818933692 -0.985965361526 0 0
-0.553129476881 0.798975971508 1 1
0.650663126423 0.600271920811 0 0
0.204768393673 0.615636551814 0 0
-0.0141727537776 -0.199086234459 0 0
-0.443442648232 0.174022593772 1 1
0.590041326884 0.546018715007 0 0
0.0972412107159 -0.490910928208 0 0
-0.209161976167 -0.789581310465 0 0
0.590895132225 -0.0480381450193 0 0
0.0222526722467 0.710256416445 1 1
0.209710828952 0.944478485486 1 1
-0.580921781403 0.977401958382 1 1
0.413592557462 0.929231976824 0 1
-0.116400910877 0.560064189758 1 1
0.932918543757 0.680419107508 0 0
-0.0875452407163 -0.0149792336631 0 0
0.397475916948 -0.884629646291 0 0
0.828786749584 -0.136858881091 0 0
0.035156494817 0.587456057971 1 1
0.582929399363 0.730958837772 0 0
0.662537622398 -0.873585854723 0 0
-0.611606781007 -0.208947950753 1 1
0.431348114365 0.995484266251 1 1
-0.695638289611 -0.0713759978983 1 1
0.253744933101 0.129823078181 0 0
0.366885143637 0.466062039927 0 0
-0.819759837178 0.684028922624 1 1
0.382611026714 -0.784545803477 0 0
0.882758238101 -0.135226571409 0 0
-0.776949062209 0.534634401151 1 1
0.0682092510954 0.99611318886 1 1
-0.283007766763 0.575558226613 1 1
0.883667490392 0.31243117825 0 0
-0.384289046174 0.386324752278 1 1
0.363660686523 -0.144985877012 0 0
-0.290308198748 -0.0276232500446 0 0
-0.902640068772 0.710380027317 1 1
0.83531186065 -0.238555170977 0 0
-0.968794948965 -0.00199991845122 1 1
-0.893521132262 0.0473392003933 1 1
-0.958258527909 0.835809831669 1 1
-0.916963038415 0.358145855481 1 1
-0.351975198307 -0.143709592985 0 0
0.799475403681 0.575308175397 0 0
-0.478148069893 0.826579745871 1 1
-0.339775253049 -0.835013365455 0 0
-0.385578750527 0.608601919076 1 1
0.0790216556649 -0.439793498191 0 0
0.0175780380117 -0.449265996968 0 0
-0.211805633442 0.976963565337 1 1
-0.830921646232 -0.912300779657 0 0
-0.549448324465 -0.592910241675 0 0
-0.0822801900857 -0.237100057656 0 0
-0.777265382898 -0.723697668077 0 0
-0.406168002551 0.0799549713074 1 1
-0.148272858398 -0.728365982062 0 0
0.562970662496 0.224345096495 0 0
-0.961821124346 0.115287674578 1 1
0.75305938174 0.283576791511 0 0
0.843993211767 -0.701917591269 0 0
0.0876365383229 -0.319890725307 0 0
-0.867486211957 -0.740515666762 0 0
0.912223683896 0.698430605461 0 0
0.502643490743 0.120459262154 0 0
-0.302879360888 0.580900161394 1 1
-0.560744354024 -0.74532359062 0 0
0.0904889000731 -0.0620225948108 0 0
-0.57821973849 0.78820529257 1 1
-0.429311617306 0.489945127456 1 1
0.292831780505 -0.673556722162 0 0
-0.288668018616 0.808194836034 1 1
0.633301527914 -0.320956204111 0 0
-0.283781888876 -0.278277310356 0 0
-0.0751812622163 0.887555931449 1 1
0.161874569009 -0.717289876102 0 0
[[-0.13296953  0.12341081  0.04508736]]
