0.388516740643 0.630013320769 1 1
-0.310453284604 0.312648763059 1 1
-0.394446071899 -0.235215324048 0 1
-0.584117718599 -0.200643104493 0 1
0.281149120564 -0.168939416628 0 1
-0.0397894620853 -0.156362665373 0 1
0.652902096878 0.232875316443 0 1
-0.704888058888 0.518944984896 1 1
-0.939797809664 0.65258037153 1 1
-0.506570039857 0.979137080099 1 1
-0.0845754676673 0.910934140257 1 1
-0.22365527076 0.379778520096 1 1
-0.868160521258 -0.255493832364 0 1
0.496599413501 0.0730409220286 0 1
-0.494481729456 0.853862877557 1 1
-0.463803066932 0.452868616613 1 1
-0.180562326717 0.378930030507 1 1
-0.0857909509644 0.226335144777 1 1
-0.284220535282 0.0372039597517 1 1
-0.792102870276 0.659067442651 1 1
-0.686546492716 0.467343773336 1 1
-0.512068300866 0.0319782739368 1 1
0.0204639296733 -0.145065377929 0 1
-0.934849008536 -0.530768529799 0 1
-0.706199039959 0.323872564476 1 1
-0.377365053679 0.296531396495 1 1
0.22499918665 -0.0985375753056 0 1
-0.115271255417 0.028218954907 1 1
0.524873445847 0.550008561602 1 1
0.0937843908053 -0.281586227373 0 1
-0.920210775836 -0.566653829227 0 1
-0.52597838334 0.863591402126 1 1
0.874524638901 0.869180841063 1 1
-0.236380493101 -0.295271201995 0 1
-0.0459703465281 0.946282707295 1 1
0.69552398535 0.575666577475 1 1
-0.502603146766 0.386142335407 1 1
-0.146227038451 0.355651847606 1 1
-0.0562576786519 0.12938719819 1 1
-0.615489725963 0.70090645401 1 1
0.0532734588703 0.359371270808 1 1
-0.58482359486 0.654262964094 1 1
-0.835702484698 -0.153851305085 1 1
-0.188203914929 0.132108658952 1 1
-0.0219340539126 -0.187612793566 0 1
-0.931562925119 0.692654908742 1 1
0.185467942966 0.713920831212 1 1
0.22842668355 -0.122380650227 0 1
-0.076872351887 -0.0229625249263 1 1
-0.963937270078 -0.135206082826 1 1
0.867654070702 0.122488872812 1 1
-0.844064670312 0.146038453488 1 1
-0.367182449871 0.0846476213558 1 1
0.660231020497 0.650721173713 1 1
-0.211722071138 -0.118919478257 1 1
-0.85346979426 0.901627672646 1 1
0.332921363256 0.164339508495 1 1
-0.316879701245 0.36057932927 1 1
-0.000466083766107 0.522533347511 1 1
-0.365464904613 0.942528631353 1 1
-0.457370046867 0.958959090633 1 1
-0.556776160773 -0.0524015123033 1 1
0.211448986538 -0.141369513564 0 1
0.106695802736 0.721084504801 1 1
0.184813522631 0.372186398174 1 1
-0.204977382919 0.272751608077 1 1
-0.836452399278 0.543465761607 1 1
-0.0909145594865 0.953109583496 1 1
0.877788776936 0.510742244524 1 1
-0.239416167165 0.373235000522 1 1
-0.0951589685961 0.435794743811 1 1
-0.515304547683 0.661139817355 1 1
0.0422329642987 -0.13745437162 1 1
-0.310985394276 -0.254866353561 1 1
-0.381456757472 0.0115572732558 1 1
0.149589239697 0.133908179528 1 1
-0.221116188975 -0.346534373993 0 1
0.190369881903 -0.178002769422 0 1
0.666695674495 0.959247196189 1 1
0.553913521104 0.0584673970281 1 1
-0.792438222109 0.489332230857 1 1
-0.1527835644 0.212274088472 1 1
0.51192766092 -0.0113134971435 1 1
0.622312441937 0.40771974549 1 1
0.768437419465 0.224638628743 1 1
0.82617760029 0.267683413414 1 1
-0.898054016269 -0.126744762366 1 1
0.801908759235 0.281231576763 1 1
-0.645423327543 0.72826758597 1 1
-0.607485086233 -0.0360204568167 1 1
-0.990415243648 0.954252477011 1 1
-0.239689696056 0.537610627179 1 1
0.650426512029 0.713676020214 1 1
-0.70832242573 -0.350686651199 1 1
0.528778726574 0.786998517125 1 1
0.553466330868 0.141572366473 1 1
-0.147920453304 0.765363777882 1 1
-0.907748690861 0.635760491074 1 1
-0.134579523639 0.452326781912 1 1
0.307711511304 0.957244684263 1 1
-0.162695181285 0.863033879394 1 1
-0.743187121245 0.0560068814833 1 1
0.954602126467 0.96880821705 1 1
-0.528189553719 -0.347711226166 1 1
0.183726207266 0.829396289922 1 1
-0.481116891956 0.464094349514 1 1
-0.608964400702 -0.0126791359273 1 1
0.739845533453 0.820343040776 1 1
-0.826613218643 -0.465485270063 1 1
-0.782652380769 0.167500197424 1 1
0.0801310107342 -0.120985736008 1 1
0.46626482901 0.674399143834 1 1
-0.26700919975 0.22796961977 1 1
0.61299488281 0.232434914443 1 1
-0.509395542429 0.630059336035 1 1
0.4328593275 0.511974843507 1 1
-0.352436867427 -0.201587923192 1 1
-0.987331847379 -0.136922515289 1 1
-0.1585027451 -0.162861282505 1 1
0.0186715185707 0.334470152167 1 1
0.152678224206 0.155193105001 1 1
-0.706389685042 0.590642535636 1 1
-0.585945475748 -0.282755464858 1 1
0.849104691821 0.0247883708417 1 1
0.324252172682 0.320525368594 1 1
-0.60986141341 -0.109319730903 1 1
-0.0803789596504 -0.290371200308 0 1
-0.560161194458 0.68334016564 1 1
-0.228347083341 0.765838370707 1 1
0.13185192142 0.650485915197 1 1
-0.123479465262 0.39856748751 1 1
-0.490260774942 0.935586299215 1 1
-0.607148377582 0.320024732836 1 1
0.0482578451478 0.116020579986 1 1
-0.177267509748 0.838764656731 1 1
-0.138168822991 -0.343101651401 0 1
-0.524224447033 -0.437632705303 1 1
-0.0280749305786 0.522944522927 1 1
-0.358021728653 0.504291055724 1 1
-0.714827420885 -0.509351839814 1 1
0.979846780785 0.317569701446 1 1
-0.454429514582 0.181390375882 1 1
0.504210497802 0.868878041236 1 1
-0.138534274879 -0.0988797592109 1 1
0.85281013359 0.209924872136 1 1
0.571427066798 0.646649060795 1 1
-0.0768289095554 0.923084939378 1 1
-0.269756509581 -0.152768968534 1 1
-0.1044236011 0.829672398672 1 1
0.0414352905086 0.635624858887 1 1
-0.731232860807 0.333019885287 1 1
-0.317275542148 -0.0936439932889 1 1
-0.799465086633 -0.442878651362 1 1
0.0467909388935 0.962189537928 1 1
-0.794461506451 -0.423801492432 1 1
-0.842765786803 0.885908104875 1 1
-0.243293016265 0.560847792223 1 1
0.86326177246 0.481404380541 1 1
0.887868897421 0.0129834232511 1 1
0.647492831552 0.649131556756 1 1
-0.0938170742688 -0.317172914065 1 1
0.0624413655724 0.703458649301 1 1
-0.0365725476421 0.230154722837 1 1
-0.470700215596 0.678377490542 1 1
0.893528116485 0.971908544283 1 1
-0.30871232769 0.0426281023919 1 1
0.459576485749 0.982737526833 1 1
0.639791661445 0.918761331761 1 1
-0.930441727876 0.00017162067322 1 1
-0.56323057396 -0.00236192277827 1 1
0.885829101904 0.49756579054 1 1
-0.0919312047629 0.378950798172 1 1
-0.144463386232 0.811657830684 1 1
-0.724005015334 0.12491979968 1 1
-0.311303521758 0.621247061363 1 1
0.00669631161503 0.0186546316681 1 1
0.308656880603 0.745580724323 1 1
0.343663898725 0.517731195188 1 1
-0.370523773189 0.320163777678 1 1
0.184809534127 0.400755353054 1 1
0.79700926148 0.680235355254 1 1
0.932369116605 0.205773326809 1 1
-0.847347671601 -0.548972833576 1 1
-0.265128517216 0.319002931407 1 1
-0.51267418042 -0.0976967940642 1 1
-0.791539361823 0.38086014153 1 1
0.113021405934 0.961786047131 1 1
-0.150457445517 0.155172220157 1 1
-0.939235732027 0.904776528601 1 1
-0.298346199271 0.777249496102 1 1
-0.461233497011 -0.186701744139 1 1
-0.967743339256 0.424938931205 1 1
-0.971893889804 -0.0610345870226 1 1
0.965781459848 0.0686222569188 1 1
-0.386742412489 -0.28891998976 1 1
0.0909854939592 0.997537064392 1 1
-0.554021854771 0.343923625424 1 1
0.131703290085 -0.106767932278 1 1
0.764253374376 -0.0375340242059 1 1
0.73509755233 0.646817228414 1 1
0.245107178741 0.993247566838 1 1
0.255636533955 0.772443707769 1 1
-0.393967926838 0.212759966529 1 1
0.208729798813 0.776199365833 1 1
0.746038474502 0.809770295207 1 1
-0.702945078799 0.576793336713 1 1
0.425993543198 0.52432927534 1 1
-0.315487010381 -0.443896734844 0 1
-0.545716538912 0.208365078214 1 1
-0.694483129043 -0.438345615124 1 1
-0.789484084208 0.0615563691873 1 1
-0.127898535927 0.358951036046 1 1
-0.152181131916 0.359828785101 1 1
-0.937714122482 0.943409166152 1 1
0.661405311805 0.36751080254 1 1
0.925256717402 0.516088975853 1 1
0.0715909854109 0.724578905557 1 1
-0.442769254383 -0.361329072342 1 1
-0.355053744135 -0.396822551685 1 1
-0.959591299032 0.122465396288 1 1
-0.362944987753 0.092093863049 1 1
0.197196672395 0.576067287524 1 1
-0.159949539507 0.0623424678601 1 1
0.105112634592 -0.228942839415 1 1
-0.266791974421 0.138138910488 1 1
-0.036914203754 0.21365391414 1 1
-0.920724692025 0.68308487939 1 1
0.7613549566 0.533003650623 1 1
-0.309732976588 0.885844651993 1 1
-0.667330306328 0.955799588351 1 1
0.609927247351 0.805208706617 1 1
-0.303901580632 0.372441258392 1 1
-0.842817616423 0.267466477685 1 1
-0.445203281947 0.760100379636 1 1
-0.752189887996 0.0978948953175 1 1
-0.597097881068 -0.40251643271 1 1
0.326224070508 0.0682194984393 1 1
0.544267677326 0.658119049669 1 1
-0.696199800966 0.684782296457 1 1
-0.476185592665 -0.0319583825768 1 1
-0.62546356893 -0.268336104786 1 1
0.117086738949 -0.0983311564981 1 1
-0.434102321992 0.858036773907 1 1
-0.0608690536695 -0.170054437047 1 1
0.628802350671 0.623107751156 1 1
0.250716173864 0.148195174857 1 1
-0.131341061184 -0.232157783347 1 1
0.638323180907 0.603038499705 1 1
-0.0840495041747 0.706041142289 1 1
-0.509838195402 0.327318359537 1 1
-0.217838829069 -0.112847062046 1 1
-0.394428228361 0.230605109334 1 1
0.397512297544 0.796818937439 1 1
0.131229091293 0.91577484083 1 1
-0.723988950272 0.103337230364 1 1
-0.605016155992 0.598819257892 1 1
-0.277506702689 0.227211077661 1 1
0.2374080347 0.28442968041 1 1
-0.113111763192 0.286840841614 1 1
-0.193687643214 0.256216208442 1 1
-0.346025066926 -0.103617094257 1 1
0.884361322182 0.820903484685 1 1
0.47018386694 0.695467060639 1 1
-0.974241411215 0.357108052375 1 1
0.506586708515 0.955258642475 1 1
-0.597406871053 0.333413290405 1 1
-0.640062682752 0.732815607189 1 1
-0.0141760955296 0.778834321834 1 1
-0.650572214324 0.105149730871 1 1
0.737168315273 0.733180500649 1 1
0.836985290612 0.429093408018 1 1
-0.531495481318 -0.310276784411 1 1
-0.983885070888 0.979967591789 1 1
-0.366273109457 -0.277187808534 1 1
0.430186243964 0.171163723083 1 1
0.103535114255 0.451994748516 1 1
0.877663331489 0.988202022265 1 1
-0.619090411746 -0.139664076849 1 1
-0.36611262446 0.214447314996 1 1
-0.641461805919 -0.367924231867 1 1
0.488911471795 0.55882533105 1 1
-0.897711950825 0.276584459397 1 1
-0.717467074754 -0.491658073844 1 1
0.343365651829 0.0610217551493 1 1
-0.203057298579 0.0922136532736 1 1
-0.627184553478 -0.0666640640353 1 1
-0.374651808313 -0.200974226106 1 1
-0.634367054122 -0.289834580443 1 1
-0.85372210531 0.225333766137 1 1
0.838592515347 0.804421188851 1 1
-0.123808731286 0.376124735105 1 1
0.611757660762 -0.0591943036314 1 1
-0.316354190197 0.389612976151 1 1
-0.676024909705 0.442932765953 1 1
-0.897823415402 0.801007872387 1 1
-0.0127560365141 -0.146720393581 1 1
-0.737038062828 0.224117130194 1 1
0.725546651426 0.970868995653 1 1
-0.331501023513 -0.361574931501 1 1
0.490211748258 -0.0899470347185 1 1
-0.883427905917 0.952296850217 1 1
0.89348450342 0.378026003804 1 1
0.236185032116 0.853202977516 1 1
-0.443451491226 0.383584856397 1 1
0.39101683223 0.842109219313 1 1
-0.0599875197141 0.88290312664 1 1
-0.443344877197 0.759471430826 1 1
-0.50432618992 -0.141175512307 1 1
-0.529219960346 -0.442277722417 1 1
0.494640339705 -0.0237019696125 1 1
-0.447123285081 0.511913375737 1 1
-0.734223205484 0.998052030714 1 1
-0.338134737691 -0.359318321425 1 1
0.658034083167 0.604266770066 1 1
0.5843516469 0.757529631043 1 1
-0.479382546763 -0.109974197186 1 1
-0.514395226654 0.760038453106 1 1
-0.623042503517 0.942108501976 1 1
-0.568622158793 0.213610467657 1 1
-0.998643107498 0.327580024002 1 1
-0.0999936074781 0.0170061437622 1 1
-0.503694030656 0.582207141852 1 1
0.99327737779 0.535355082047 1 1
0.143073861726 0.669444351874 1 1
0.955849533708 0.478274848974 1 1
-0.385130199051 0.10603940196 1 1
-0.343355573749 0.0207937562154 1 1
-0.0911140989923 -0.223966089156 1 1
-0.450414721191 -0.301231707841 1 1
-0.0556440645087 0.560928915907 1 1
-0.760209929856 0.00238267164168 1 1
-0.782478998259 -0.388191484668 1 1
0.666889735026 0.248601354455 1 1
-0.303728337932 0.840873794802 1 1
0.998429349672 0.596709482273 1 1
-0.491564203226 0.0183091239627 1 1
-0.914096374721 0.227602061197 1 1
0.155960284205 0.538171984553 1 1
-0.0681688433751 0.642474890606 1 1
-0.723528375864 -0.584258256066 0 1
-0.623927533505 0.95992089107 1 1
-0.591203801236 -0.271334388555 1 1
-0.305435554288 0.217077211783 1 1
0.966696611447 0.774597458187 1 1
-0.891321525361 -0.326963813239 1 1
-0.662385329082 -0.283794689447 1 1
0.822648603756 0.27659239627 1 1
-0.559310381732 0.00758221158305 1 1
-0.898508501099 0.571152976209 1 1
-0.674715874542 -0.522445013036 1 1
-0.501570086932 0.493355542552 1 1
-0.453965414352 0.0305682268104 1 1
-0.454691025972 -0.406976560694 1 1
0.274997834974 0.701419298821 1 1
-0.266484555433 0.034502534714 1 1
0.399147241619 0.0859490057608 1 1
0.811626001091 0.00409405973553 1 1
-0.688769651751 -0.450079535464 1 1
0.0203172596293 0.812246176826 1 1
-0.950926035041 -0.229899810728 1 1
-0.692611421796 0.171130977572 1 1
-0.73548060961 -0.555443341809 1 1
-0.0373833942283 -0.133145914112 1 1
0.259911636807 0.144169671964 1 1
-0.51168274465 0.495618058572 1 1
0.405852495909 0.84634569206 1 1
-0.396445985718 0.859740762125 1 1
-0.539522573635 0.571398283617 1 1
0.386864676039 0.533974168153 1 1
0.923782486491 0.994827338333 1 1
0.620830128229 0.384345069016 1 1
-0.38583944805 0.697346386312 1 1
0.247731124157 -0.216584008258 1 1
0.144541263333 -0.201197335115 1 1
0.350414106038 0.328593794076 1 1
0.117571390237 0.13001495965 1 1
-0.0747423936681 0.211212136767 1 1
-0.867006919263 0.526085104333 1 1
-0.558788180111 -0.222705730467 1 1
0.589238714498 0.308811767853 1 1
-0.657926906954 0.18889702167 1 1
-0.245551800786 0.860152355873 1 1
-0.987006087793 0.354644862329 1 1
-0.939627949495 0.582264448485 1 1
-0.74846303995 -0.342007551447 1 1
-0.974997879085 -0.538859928995 1 1
-0.965624101396 0.557729152437 1 1
0.300692245092 -0.0496128542926 1 1
-0.0583796948115 0.761567262995 1 1
-0.233648512183 -0.0787042682021 1 1
0.676568951218 -0.0573736905889 1 1
0.88643492237 0.424037501709 1 1
0.70303845738 0.14392505432 1 1
0.150137801028 0.782164683654 1 1
0.238693792628 -0.067874336585 1 1
0.0792780219094 0.461493076255 1 1
0.37136773665 0.539917303899 1 1
-0.509733509764 -0.48745685505 1 1
-0.273287444171 0.388454280299 1 1
0.066495026113 0.504530590234 1 1
-0.774401455361 0.570435471404 1 1
0.234006434171 0.244528798708 1 1
0.855161353617 0.457719058177 1 1
-0.979490744204 0.282187162016 1 1
0.919998105327 0.475000545731 1 1
0.35071159608 0.575621760566 1 1
0.690594819126 -0.0270390205507 1 1
-0.095747879873 0.0408114327352 1 1
-0.747081805 -0.513904489333 1 1
0.399522819812 0.33294313761 1 1
-0.640119130648 0.0047462651901 1 1
-0.745284962236 0.333693852236 1 1
0.550777670438 -0.0707686013531 1 1
-0.380199625724 0.428670791253 1 1
0.921380232742 0.0845470031554 1 1
-0.809667603597 -0.00696469025396 1 1
-0.672751008622 0.514712973241 1 1
0.339236513991 0.519381891618 1 1
-0.139510667062 0.793945774507 1 1
-0.0102153878663 0.989622416048 1 1
-0.370730434188 0.465074609172 1 1
0.1924808126 0.544154872481 1 1
-0.0724015104674 0.955361618159 1 1
0.984612467863 0.730621466098 1 1
0.97609669616 0.288045816528 1 1
-0.147559495489 0.616016003763 1 1
0.803024278306 0.477894174418 1 1
-0.548874341174 0.996347756079 1 1
-0.211936363147 -0.299617303945 1 1
0.796716694736 0.375188975129 1 1
0.940474793697 0.149829345769 1 1
-0.743369620053 -0.22577674914 1 1
-0.996493994095 0.475631768942 1 1
0.787507723813 0.930295888881 1 1
0.312669963298 0.296981944482 1 1
-0.382687520428 -0.389472140441 1 1
0.712097677951 0.481881019313 1 1
0.566749682135 0.945371786607 1 1
-0.499036475943 -0.130624543646 1 1
0.0341705555539 0.907659385026 1 1
-0.76915406654 0.675819554539 1 1
-0.965983696767 0.173878734818 1 1
-0.654059025492 0.461849290584 1 1
0.36279024928 0.709764645186 1 1
-0.222290850314 -0.283922126234 1 1
-0.428881549028 0.41019043818 1 1
0.241230447794 0.487334405197 1 1
-0.215144796726 0.318454734341 1 1
-0.501944009749 0.941139875871 1 1
-0.849527073648 0.488855700403 1 1
-0.17139311488 -0.230067212977 1 1
0.973492133873 0.135610523476 1 1
0.896691167154 0.818336483719 1 1
-0.537951245841 0.2390506062 1 1
-0.935568406771 0.321244387926 1 1
0.418455647202 0.797933748071 1 1
0.137059156654 0.128205734519 1 1
-0.409917132655 0.420793709212 1 1
-0.851469617629 0.888066218046 1 1
-0.0331375171144 0.614713408522 1 1
-0.965847666343 0.297033572116 1 1
-0.105434990114 0.37000022519 1 1
0.266988927591 0.0219438376324 1 1
0.00653497559618 0.564579469068 1 1
0.61957599728 0.821922592084 1 1
0.846031748516 0.301789150413 1 1
-0.144478262614 0.720136354961 1 1
-0.708811582859 0.482937201847 1 1
-0.928263151374 0.454892642538 1 1
0.577366778071 0.146437803435 1 1
-0.97929190693 -0.458458904324 1 1
0.168918554117 0.761856251176 1 1
-0.714965978044 0.383124042672 1 1
-0.519456780406 -0.195516543509 1 1
-0.14470265733 -0.0825997120855 1 1
-0.493611319356 -0.366176602164 1 1
0.567828870901 0.261223798357 1 1
-0.446142691976 0.151425502824 1 1
-0.444615290878 0.333394606446 1 1
-0.378438532622 -0.409290197805 1 1
-0.816118724787 0.544198021468 1 1
-0.487522117482 -0.00422457260238 1 1
-0.574180301487 0.264992809049 1 1
0.305441236493 0.419131242295 1 1
-0.336013748827 -0.368795686723 1 1
0.301173880903 0.554867161749 1 1
0.95489162669 0.647379014792 1 1
0.000570057413703 0.0716478171837 1 1
0.164977954532 0.772478036435 1 1
0.594935395304 0.832225055049 1 1
0.863908589135 0.157022640216 1 1
-0.966802374485 -0.138201598554 1 1
0.133805611492 -0.0944509472917 1 1
-0.662208431257 0.00770440737932 1 1
0.106282937915 -0.0912900755073 1 1
-0.30064632281 -0.38340882645 1 1
-0.153291800511 0.208050659904 1 1
-0.571181779651 0.461482451116 1 1
0.159872880611 0.657521895877 1 1
-0.0642312600924 0.832240852237 1 1
-0.000560037177242 0.853833091597 1 1
0.632272430501 0.974404766343 1 1
0.9324790778 0.653303900419 1 1
-0.953307027177 0.287712026601 1 1
0.113861284135 0.88995848886 1 1
-0.872585974514 0.803307910636 1 1
0.853930823735 0.141787173012 1 1
-0.629502689378 -0.417055304575 1 1
0.0798374508407 0.495099564845 1 1
-0.0304185965795 0.912024677399 1 1
-0.703565281618 0.00810936020738 1 1
-0.827487153975 0.293334860982 1 1
-0.959640904363 -0.400331108577 1 1
0.161349232856 0.629412091801 1 1
-0.338718003604 0.697756635177 1 1
-0.919510543734 -0.393274892873 1 1
-0.736444329327 -0.208222997002 1 1
0.19167802219 0.313138075919 1 1
-0.518993585092 0.953387736659 1 1
-0.106329132385 -0.307249827314 1 1
0.134237626258 0.847377746281 1 1
-0.848286485652 0.217297598784 1 1
-0.00394370828617 0.770412145371 1 1
0.505082267146 0.457829966321 1 1
0.908077639476 0.798933748951 1 1
0.585691064491 0.392661162842 1 1
0.163473455493 0.124832125712 1 1
-0.593445615489 -0.0861094933202 1 1
-0.724368116085 0.431345174777 1 1
-0.270750298934 0.763955263599 1 1
-0.503991642717 0.328562120775 1 1
0.708153688072 0.77444343286 1 1
0.492327902755 0.135048801715 1 1
-0.753365085684 -0.342815881233 1 1
-0.0773826246517 0.763206428986 1 1
-0.566460094775 0.89862670896 1 1
0.277628098028 -0.100673455783 1 1
-0.422677580247 0.560242229908 1 1
0.966221327393 0.208510010975 1 1
-0.769153838797 0.829477934606 1 1
-0.932357600828 -0.320449702187 1 1
-0.560135635844 0.103185688233 1 1
0.167330830457 0.463810633059 1 1
-0.721750118821 -0.429951709066 1 1
0.442158405858 -0.0393809037913 1 1
-0.404008171443 0.288955090935 1 1
0.514294511212 0.164941100478 1 1
-0.170975440226 0.425750225112 1 1
-0.290940867594 0.78733040384 1 1
0.682973923667 -0.0640576157417 1 1
0.517718547773 0.89164910809 1 1
-0.79686848956 -0.499525918373 1 1
0.124612524856 0.253505564797 1 1
-0.910113242185 -0.335550776687 1 1
0.0672400940627 0.178064900007 1 1
0.101177821004 -0.216106492665 1 1
0.706824682746 0.0104870099216 1 1
0.674911356319 0.758263452228 1 1
0.926121261677 0.981277357369 1 1
-0.623541271161 -0.300502571621 1 1
-0.696031810738 0.185717450222 1 1
0.626044220409 -0.0840813587136 1 1
0.154370419193 0.00429788233573 1 1
-0.77437499955 -0.434756164034 1 1
0.616144583268 0.129505755194 1 1
0.951960514083 0.689170556178 1 1
-0.160834746083 0.0739028223554 1 1
-0.683613494759 0.425924945507 1 1
-0.276855539826 0.624102965039 1 1
-0.994359932158 0.806931183873 1 1
0.945966579911 0.368204553588 1 1
0.499813773658 0.729785708284 1 1
-0.73846074661 0.348875912126 1 1
-0.930437344985 -0.607314031978 1 1
-0.895829638625 0.110483630651 1 1
-0.255728856047 0.212095583199 1 1
-0.142397719854 0.138176330703 1 1
0.0172882883361 0.576756943922 1 1
0.82661333558 0.140794391164 1 1
0.224080185396 -0.0776455277615 1 1
0.725671500202 0.173895769753 1 1
0.755908787432 0.956437255286 1 1
0.0725366591304 0.947736797855 1 1
0.0983336887532 0.41376670192 1 1
-0.313929190328 0.126803221987 1 1
-0.618278462063 -0.240723797701 1 1
-0.91548313438 -0.634479386836 1 1
0.395144522435 0.118908975237 1 1
-0.216231394976 0.781779747094 1 1
-0.559945850169 -0.357262639188 1 1
0.324588810951 0.879296623112 1 1
0.816398725183 0.571746642401 1 1
0.303116091343 0.295191229932 1 1
0.134410923072 0.200865911987 1 1
0.512111164713 0.633791489576 1 1
-0.105092333438 -0.0328683326005 1 1
-0.843524341069 0.251437191513 1 1
-0.626603448585 0.15236736251 1 1
-0.113198463622 -0.242943271376 1 1
0.214346197894 0.84729494453 1 1
0.342684226604 0.908821597154 1 1
0.680705052906 0.320097614373 1 1
-0.0791639307759 0.11357967116 1 1
-0.349540545768 0.24637684855 1 1
-0.926311932058 -0.243002957188 1 1
-0.273788498872 0.366941039154 1 1
-0.985768763516 0.546730711364 1 1
0.969463350439 0.272743758963 1 1
0.492382239317 0.327028823678 1 1
-0.81774259414 0.717253141109 1 1
0.221389351567 0.726331178358 1 1
-0.819929067332 0.471794138902 1 1
-0.775349063629 0.276539407655 1 1
0.991793845631 0.928276853401 1 1
0.629282227098 0.476534046922 1 1
-0.754075281272 0.900584876095 1 1
0.900710943903 0.420082901065 1 1
0.744095083045 0.922851935518 1 1
-0.271290266283 -0.297294251697 1 1
0.784734717385 0.477374539939 1 1
0.683977599325 0.268136011546 1 1
0.788187760324 0.731302688686 1 1
-0.726121769004 -0.0878274946519 1 1
0.574508740804 0.92881040024 1 1
-0.694303936082 0.688279356692 1 1
0.480666271964 0.0788750491181 1 1
0.109918564996 0.708313004331 1 1
0.774675494309 0.345878468543 1 1
0.512815193979 -0.0144560583331 1 1
0.151381365555 0.894048332941 1 1
-0.60031357365 0.576337209458 1 1
-0.834596984535 0.611379327836 1 1
-0.0191052499383 0.698874760116 1 1
0.529998964441 0.457771891657 1 1
-0.949427234181 0.612515619163 1 1
-0.908893931589 -0.211482009643 1 1
0.00462174151975 0.375814381177 1 1
-0.974363694495 -0.00530751581496 1 1
-0.203116663618 0.182213656293 1 1
-0.74119639754 -0.592896296633 0 1
-0.594664477613 -0.240431960483 1 1
0.150054387342 0.013465387514 1 1
0.396197500228 0.0401106373943 1 1
-0.966217606349 0.749344009793 1 1
0.661401078449 0.703014770758 1 1
0.629241537322 0.907242628153 1 1
-0.917051066434 -0.314749384259 1 1
0.253080793583 0.57403176777 1 1
0.786141894587 -0.00417801932341 1 1
-0.80947866567 -0.356188051365 1 1
0.703579342629 0.0223571413485 1 1
0.360477549374 0.960337402787 1 1
0.10378501685 0.726031738901 1 1
0.583058125357 0.44731535058 1 1
0.517072550393 0.0741635702665 1 1
-0.823561486865 0.0631088477192 1 1
0.960165854625 0.77979110628 1 1
0.0166268616767 0.565234186389 1 1
0.969641483888 0.150346856218 1 1
0.366467072041 0.560172651077 1 1
0.501804651777 0.762778287852 1 1
-0.654210008709 0.754007158102 1 1
0.944897668879 0.0839503916164 1 1
-0.34092895619 -0.107663332135 1 1
0.580392819024 0.283437206094 1 1
-0.910671847206 -0.0222350009471 1 1
-0.731888005073 -0.41071050596 1 1
0.144137431207 0.543854373077 1 1
0.443719461442 0.412422707585 1 1
-0.404917951574 -0.149691095347 1 1
0.587594983551 0.424862248104 1 1
0.34148413297 0.221868665909 1 1
-0.400976674975 0.0414175654961 1 1
0.883919329202 0.790828678802 1 1
-0.608624202189 -0.235232161535 1 1
0.590838774292 0.980917893671 1 1
-0.528847824687 -0.510778197504 1 1
0.231576877675 -0.0120255008704 1 1
-0.421292782126 0.924789686614 1 1
-0.898173176246 0.201508518553 1 1
-0.318824251015 0.575655549364 1 1
-0.693771986623 -0.291113897799 1 1
0.273165064541 0.765188969401 1 1
-0.121071591681 0.0875742038707 1 1
0.148400569099 0.349093297157 1 1
0.642115958152 0.440419276613 1 1
-0.152927545218 0.649491968657 1 1
0.201083937257 0.199544076759 1 1
-0.727916825506 0.190576030458 1 1
-0.562417947499 0.629389302563 1 1
0.262909860712 0.37867132922 1 1
0.43847670633 0.486918912384 1 1
-0.211806327249 0.620468444009 1 1
-0.0182357495497 0.0747651391024 1 1
0.484575908537 0.255500291563 1 1
-0.0246354103957 -0.11320848621 1 1
-0.941440233655 0.0036524980961 1 1
0.915609833618 0.762488734283 1 1
0.262851870509 0.16446667489 1 1
-0.297388326131 0.542130290384 1 1
-0.397445306733 0.167636263874 1 1
0.703905099605 0.561333854441 1 1
-0.894045024195 0.923099955766 1 1
-0.598190617947 0.418115414283 1 1
-0.0145659666961 0.627118372075 1 1
0.67010741651 0.358185091748 1 1
-0.732972269683 0.24653134573 1 1
-0.933051943713 0.191268804063 1 1
0.750041429706 0.40861079573 1 1
0.541400585929 -0.0559768964786 1 1
-0.807114048101 0.846472041356 1 1
0.074234920245 0.665081051108 1 1
-0.308005732406 -0.259953901855 1 1
0.391894968441 0.512622318548 1 1
0.328565533952 0.805892579326 1 1
0.114384601313 0.50846661202 1 1
0.603343123916 0.837129400719 1 1
-0.762122750527 0.416104732005 1 1
-0.342142443521 0.0666532599048 1 1
0.269018649458 0.36537513967 1 1
-0.802401934791 -0.566073917189 1 1
-0.0166607198343 -0.295802197865 1 1
0.260609450418 -0.223878814435 1 1
-0.512235135194 -0.206504174935 1 1
0.988931395389 0.540443638252 1 1
0.18003376428 0.726528378405 1 1
0.990733717338 0.582730673296 1 1
0.911580874585 0.789742333578 1 1
-0.819253650638 0.562943848322 1 1
-0.768555242835 0.442402590742 1 1
0.539310721123 0.738560373679 1 1
-0.640456960113 -0.563126949092 1 1
-0.935716172304 0.0761176455936 1 1
0.761548601877 0.219083577639 1 1
-0.192536980559 0.345476794333 1 1
-0.028679884519 0.228762956165 1 1
0.990577193343 0.470908763765 1 1
0.62999671105 0.589860014474 1 1
-0.643910933433 -0.114251500123 1 1
-0.972267973733 -0.35040586571 1 1
0.482521542107 -0.0390114657743 1 1
-0.708701887926 0.454297965207 1 1
-0.681254583809 -0.261652592789 1 1
-0.699965011207 0.694351462311 1 1
0.823130751115 0.6317362392 1 1
0.458707373514 0.565848268108 1 1
-0.314335094897 0.645679900106 1 1
-0.291815126167 -0.149087911688 1 1
0.128036602622 0.780644206418 1 1
-0.508899738301 0.0361479871021 1 1
-0.485528445856 0.591997398303 1 1
-0.766748153519 0.0497971992652 1 1
-0.635868405192 -0.380383526007 1 1
0.908768251729 0.896970244035 1 1
-0.974844074836 0.154883737029 1 1
-0.137549508544 0.776684033548 1 1
0.572699251378 0.177776350028 1 1
-0.638922387962 0.500585423542 1 1
-0.856224062644 0.278977212989 1 1
-0.578720351685 -0.195150340162 1 1
-0.592135767893 -0.292136234266 1 1
0.612155743364 0.829542582966 1 1
-0.326651670484 0.098932861563 1 1
0.62465420905 -0.0478804364965 1 1
0.0474605373844 -0.191967351958 1 1
-0.960656656019 -0.298915167335 1 1
0.976643869356 0.287343519105 1 1
-0.704307555884 0.910027011565 1 1
0.322080777463 0.612291909694 1 1
0.0356184657188 0.180151811343 1 1
-0.759330256093 0.239086678223 1 1
0.780998249868 0.175841571101 1 1
0.414704574195 0.196799890262 1 1
-0.992723096986 -0.0506561673614 1 1
-0.542105921956 0.175328556734 1 1
-0.875639043536 0.0483681844832 1 1
0.553463446156 0.726642705228 1 1
-0.506991397246 0.216261608008 1 1
-0.97860145196 0.524815035249 1 1
-0.435117589816 -0.0206595289613 1 1
0.779920184376 0.979440760069 1 1
-0.617076341735 0.792792928924 1 1
-0.522489345738 0.0104315136693 1 1
-0.901587515966 -0.650593450432 1 1
-0.682094003905 -0.0335938087629 1 1
-0.58257837306 0.60426196594 1 1
-0.948431018444 0.543158314889 1 1
-0.581307026447 -0.215818646225 1 1
-0.965708009301 0.0396566536645 1 1
0.40269139832 0.426663695191 1 1
0.0859131845607 -0.0360357668572 1 1
0.133948903799 0.36022354941 1 1
-0.289719484058 0.145452804107 1 1
0.951132870567 0.360968109427 1 1
-0.84373570128 0.438511353235 1 1
-0.269037292818 -0.0170852607079 1 1
-0.997523483042 -0.149027665035 1 1
0.642628531302 -0.014420639765 1 1
0.913566584274 0.0723564208291 1 1
0.778463754599 0.790132196632 1 1
0.483660186005 0.900882440152 1 1
-0.801838721884 -0.315622187011 1 1
-0.514212601271 0.677167254935 1 1
-0.516069633726 0.594384350955 1 1
0.406360437345 -0.142960771916 1 1
0.775512839129 0.738467353452 1 1
-0.0490476975745 0.167289729763 1 1
-0.129168542183 -0.0369149135014 1 1
0.25700889665 0.798518440912 1 1
0.74073026781 0.702107451338 1 1
-0.200645682722 0.471070130185 1 1
-0.614140488528 -0.321520021268 1 1
0.321948534145 0.747696148598 1 1
0.766033030068 0.523512010831 1 1
0.0695328502965 0.0652225703795 1 1
-0.242651927606 0.870745681381 1 1
0.623326180644 0.411274017236 1 1
0.949885625145 0.264548463993 1 1
0.822848189884 0.361065376122 1 1
0.276318624802 -0.0191065467096 1 1
-0.861879251498 -0.537423377862 1 1
0.21192873457 0.303856702442 1 1
-0.957635057814 0.876672268545 1 1
-0.0103911738413 0.977761691819 1 1
0.328271347679 0.975239709185 1 1
-0.954843696963 -0.00453251445496 1 1
-0.597873879614 0.382790082672 1 1
-0.780313937071 0.640243883739 1 1
-0.554726122688 -0.403998177973 1 1
-0.386244852169 -0.16156173747 1 1
-0.982456199545 0.482306894145 1 1
-0.404459851932 0.0294632237797 1 1
0.812322066096 0.190844964073 1 1
-0.903081899201 0.24011868936 1 1
0.662077642417 -0.0239833590234 1 1
-0.74722278042 0.552093128564 1 1
-0.0898676239293 0.724971993454 1 1
0.879282717072 0.224358794117 1 1
0.502011305339 0.628776363262 1 1
0.905722635052 0.500010428409 1 1
0.393471989799 0.812176487853 1 1
-0.0216379633058 0.617956973112 1 1
-0.0125286502888 0.904304991845 1 1
-0.538414419296 0.633994944079 1 1
-0.0221797839132 -0.271490190731 1 1
0.204305266554 0.626885319407 1 1
-0.620416672907 0.00640545706504 1 1
-0.772270779714 -0.454633484135 1 1
-0.0231297477219 0.808195105991 1 1
0.928139239837 0.307105868006 1 1
0.791072445351 0.0597319344561 1 1
0.46781637652 0.0712367044313 1 1
0.365571311157 0.500200679908 1 1
0.925291725456 0.202393344539 1 1
0.33982613798 0.182344678016 1 1
-0.57671462338 0.836499863526 1 1
-0.12554621328 0.355436757361 1 1
-0.0222519349401 0.922568284271 1 1
0.943027324046 0.646878188117 1 1
-0.225849650627 0.75327042416 1 1
-0.504106488847 0.787874702859 1 1
-0.244221817262 -0.318448651031 1 1
0.0423463612351 0.401345759259 1 1
-0.909028643259 0.561265463331 1 1
-0.0980673674375 0.788551515004 1 1
-0.675143868038 -0.211040710209 1 1
0.723360466242 0.59430496673 1 1
-0.236989209556 0.822580877263 1 1
-0.179409714682 0.627163519197 1 1
0.109919225254 0.107961639425 1 1
0.383759320333 0.591670337484 1 1
-0.822622708701 0.862071405263 1 1
-0.346081116141 -0.0992388882033 1 1
0.688221207607 0.653882364232 1 1
-0.440292678511 0.927850909339 1 1
-0.886777438289 0.253089833993 1 1
-0.230534470006 0.207913003598 1 1
-0.924446507239 -0.345515379374 1 1
-0.964420666501 0.384405775704 1 1
-0.0805115637241 0.39883246171 1 1
-0.240627233253 0.031042238343 1 1
0.111866687791 0.110729147935 1 1
0.358046711291 -0.170017963772 1 1
-0.140767185085 0.773377843695 1 1
0.774263337434 0.628503137141 1 1
-0.582854273479 -0.106109695937 1 1
-0.0311358247999 -0.232713065829 1 1
-0.696968291033 -0.492680301291 1 1
0.710070788342 0.203966549224 1 1
-0.912521246425 0.64725217122 1 1
-0.47446857161 0.0777974180418 1 1
-0.516673305407 0.536241673638 1 1
0.0787919262392 0.171110501529 1 1
0.580441438182 0.951440158482 1 1
-0.668054749549 -0.28988495178 1 1
-0.712855859644 0.607014590736 1 1
-0.81151814402 0.34541374178 1 1
0.504960380825 -0.0474075668803 1 1
0.301066592298 0.995538062016 1 1
0.378792140022 0.184096715551 1 1
-0.912390433251 0.959323341266 1 1
-0.565003428763 -0.129773941782 1 1
-0.313953712594 0.442976025931 1 1
-0.931765401431 -0.493842998354 1 1
-0.630600407356 0.817488407353 1 1
0.899489460354 0.0983282314201 1 1
-0.403460809094 0.183301730709 1 1
-0.246983374359 0.0756911946328 1 1
-0.383868604491 0.728138652134 1 1
-0.35532285976 0.747151540667 1 1
0.930397332036 0.0553471440835 1 1
0.792696132752 0.773154030681 1 1
0.782656088283 0.388391917169 1 1
-0.78085199572 -0.595943451853 1 1
0.528429697866 0.380898174845 1 1
-0.457207541712 0.0514944098132 1 1
-0.0723825874793 -0.271075768714 1 1
-0.630783811672 -0.423331391376 1 1
-0.398968233498 0.782597980593 1 1
-0.863611356902 0.162572274175 1 1
-0.594529507483 0.009166307911 1 1
-0.721811502998 -0.287687286469 1 1
-0.177986802714 0.664202964391 1 1
-0.678160286542 0.504031295469 1 1
0.660230725887 0.918868977361 1 1
0.900807417061 0.126172376663 1 1
-0.539608443206 -0.470467634919 1 1
0.20410900425 0.385123966637 1 1
-0.957961393197 0.658261214368 1 1
0.281176262465 0.944734550126 1 1
0.420284510462 0.502525234646 1 1
-0.587044074234 0.166418230049 1 1
-0.555438437439 0.596005466958 1 1
-0.582257761424 0.0639401912763 1 1
-0.595592681644 -0.222623412391 1 1
-0.0869598796376 0.389278800282 1 1
-0.842813634825 -0.540511293748 1 1
-0.521740326408 0.141760053523 1 1
-0.437591078023 0.743440774749 1 1
-0.940611666428 0.40094418857 1 1
0.639215255475 0.494119980404 1 1
-0.988686160549 -0.422516783847 1 1
0.286253436432 0.629903515556 1 1
-0.066836779328 0.975233795901 1 1
0.00783518144442 -0.314391647044 1 1
-0.608285453824 0.259876679818 1 1
-0.965425291912 -0.16399584436 1 1
-0.163384836167 -0.0806391027531 1 1
-0.122314421573 0.776552864168 1 1
0.0860579060564 -0.270252556323 1 1
-0.564363662168 0.426661176808 1 1
-0.837652447112 -0.183991961712 1 1
-0.935365241134 0.311649759819 1 1
-0.0290093892187 0.899637734431 1 1
0.98894942646 0.412838011397 1 1
0.0923985816847 0.815648411244 1 1
0.35718282572 0.369926537195 1 1
-0.0538797066893 0.849486619426 1 1
-0.813398470419 -0.0105915409462 1 1
-0.973873734166 -0.439126366781 1 1
-0.914274837843 -0.0105016880262 1 1
-0.689455671284 0.238481757136 1 1
0.85884971189 0.0741683057779 1 1
0.782696761164 0.84256307672 1 1
0.443566005666 0.446426176641 1 1
-0.173813366244 -0.22283985329 1 1
-0.0551803498816 -0.0717617577021 1 1
0.0660748350672 0.556481555076 1 1
-0.62841370974 0.534537674308 1 1
0.110084039625 0.978393411707 1 1
-0.5923443942 0.0700058897289 1 1
-0.0600977019343 0.185192572247 1 1
0.382262967843 0.986469595745 1 1
0.729436000723 0.541657365222 1 1
-0.7317177605 -0.31711257794 1 1
-0.405093794465 0.311253271405 1 1
0.252509213661 0.771458038599 1 1
-0.565792076424 -0.00174731104191 1 1
-0.0217700605125 -0.208031276896 1 1
-0.803435109561 0.493580505438 1 1
0.187620263165 0.159711817002 1 1
0.0263939127907 0.821554249897 1 1
0.39607554926 0.0323096575854 1 1
-0.847136177519 -0.397203087536 1 1
0.1607796025 0.170633755457 1 1
-0.295635967958 0.271809746492 1 1
-0.421932853772 0.593904887753 1 1
0.948571199776 0.829913225477 1 1
0.702264322227 0.592177716531 1 1
-0.327554111179 0.214583618923 1 1
-0.28490374257 -0.0597927749414 1 1
0.572042953307 0.049527796844 1 1
0.770583537652 0.0206254092331 1 1
-0.568651234264 0.509271708211 1 1
-0.758480671497 -0.270640547206 1 1
0.062035475793 0.25105165459 1 1
-0.653131943369 -0.429789959923 1 1
0.0393009268383 -0.100836844886 1 1
-0.625434530463 0.966786295886 1 1
0.0921752795981 0.997577947078 1 1
0.468500146431 0.022479526125 1 1
-0.143762523169 0.712280903558 1 1
0.512894564927 0.756706497177 1 1
0.596525898453 0.231504271619 1 1
0.418106659134 0.363994893621 1 1
-0.052436316566 0.152493085728 1 1
0.714994638334 -0.0515950768023 1 1
-0.640292025681 -0.269845746785 1 1
-0.843441307611 -0.120560212713 1 1
-0.706114851593 0.603303774104 1 1
-0.17362160387 0.184710135281 1 1
-0.928102036961 0.254953461311 1 1
-0.0271354801559 0.224300188413 1 1
0.15632878315 0.584121164026 1 1
-0.863285648679 0.93392255206 1 1
-0.5395420476 0.133994802718 1 1
-0.685473250173 -0.44144769568 1 1
0.969475905711 0.36828134162 1 1
0.607297054667 0.097065072824 1 1
0.382351094508 0.676427859125 1 1
-0.819012193431 0.614755266849 1 1
0.620283194893 -0.0302328504568 1 1
-0.28217940883 0.0342796208434 1 1
0.247674486527 0.402227395706 1 1
0.418470024822 0.203323110456 1 1
-0.97688642534 -0.663373709733 1 1
0.376098347546 -0.19053638678 0 1
0.981789360246 0.0477687776638 1 1
0.891030647006 0.572498332817 1 1
0.831653965056 0.693993687587 1 1
0.48622952421 0.0751896234022 1 1
0.616322228752 -0.000910973194093 1 1
0.979534621772 0.918941534063 1 1
-0.59609114304 0.247748815378 1 1
0.1673398733 0.538803034638 1 1
-0.730384452322 0.0564334905 1 1
0.864634546622 0.539683603047 1 1
0.656999227011 0.345439275205 1 1
0.561670505658 0.476924998024 1 1
-0.143884542835 0.0298137132662 1 1
0.98894794865 0.53871196905 1 1
-0.547279369169 0.547958760872 1 1
-0.468593515835 0.58217234112 1 1
0.842722961654 0.666139361293 1 1
0.876004057295 0.193786280136 1 1
0.9413850177 0.507772442088 1 1
-0.963393348948 0.315679664006 1 1
-0.379294782071 0.877276256113 1 1
0.360835671138 0.327635816066 1 1
-0.282663705028 0.779711942827 1 1
-0.321956649681 -0.243049098358 1 1
0.394357335155 0.245364967529 1 1
-0.688903569817 0.353577350361 1 1
-0.400310024721 0.282816471777 1 1
0.938755363585 0.622174207483 1 1
0.458078772773 0.380567556848 1 1
0.210967331052 -0.0545168111101 1 1
0.665401260975 0.880897669534 1 1
-0.0416304379357 0.924304020496 1 1
0.563662284811 0.84258697634 1 1
0.468515359904 0.712454582751 1 1
-0.995923559613 -0.675725530706 1 1
0.787923525684 0.322900729552 1 1
-0.511355372744 0.767867576112 1 1
-0.692310023219 0.935205792923 1 1
0.180129967792 0.0676059067145 1 1
0.0817625356283 0.564795754809 1 1
0.879343001977 0.81423579913 1 1
0.0203330980423 0.855668732785 1 1
0.0197027555118 0.325226966624 1 1
0.846404254081 0.32448009352 1 1
-0.260372851877 0.231807418425 1 1
-0.120026125117 0.130314178169 1 1
-0.711164839242 0.26116353359 1 1
0.12998387469 0.364447500017 1 1
0.432425996606 0.485170203501 1 1
-0.750138994248 0.88222848464 1 1
-0.455360384278 0.280908757929 1 1
-0.183284948788 0.721680975022 1 1
-0.691949833081 -0.261189859431 1 1
-0.245215881497 -0.372677862785 1 1
0.488220711443 0.140091932808 1 1
-0.106849532049 0.486637014025 1 1
-0.780487361235 -0.173049000687 1 1
-0.0816296210324 0.524502234631 1 1
0.436668691549 0.706140190938 1 1
0.0526035834795 0.452646214604 1 1
-0.877047295025 0.837578272193 1 1
0.960405195068 0.530534554158 1 1
-0.854863015076 -0.579241167765 1 1
-0.812020523698 0.630288907297 1 1
0.963065315467 0.0348933451334 1 1
0.663629976916 0.140170579695 1 1
0.795258262739 0.201149446419 1 1
0.965590365635 0.607526863717 1 1
0.821527611062 0.00164086808342 1 1
0.882275650759 0.918332460372 1 1
-0.673846024586 -0.349851574708 1 1
-0.167523131478 0.500144066946 1 1
-0.790469969876 0.668428022107 1 1
0.043329274287 0.661737533807 1 1
-0.207384898648 0.799300393954 1 1
0.866645680249 0.606345050396 1 1
0.888863034807 0.889649890592 1 1
-0.0149629747756 0.719782633537 1 1
0.0675535054784 0.392195081838 1 1
0.471408482051 0.0244734122058 1 1
-0.27323099842 0.125005999921 1 1
-0.149579802301 -0.0558618778029 1 1
-0.748708096765 0.74984670431 1 1
0.79864195284 0.879417321353 1 1
-0.0530016809063 0.730044156762 1 1
-0.752003569125 -0.232904527575 1 1
-0.552208666006 -0.488627297259 1 1
0.890188205897 0.347467336072 1 1
0.387876893191 -0.141486199945 1 1
-0.348297613028 -0.341316465869 1 1
-0.589334915639 -0.412237463194 1 1
-0.281878980186 0.914507169129 1 1
0.938918518108 0.387904293586 1 1
-0.902834239289 0.925400308928 1 1
0.096595668735 0.856268523546 1 1
0.440662444768 -0.0880335551386 1 1
-0.966480148517 -0.604552261462 1 1
-0.97424369562 -0.37345646611 1 1
-0.617767926856 -0.22778360022 1 1
-0.169450380936 0.640428062622 1 1
0.268127315006 0.692279940363 1 1
-0.38578333426 0.586257136967 1 1
0.563038850359 0.314557953304 1 1
-0.34202125571 -0.335416448362 1 1
-0.00612019907546 0.86956373973 1 1
-0.326270434379 -0.294230279821 1 1
0.0619757504844 -0.0232154657918 1 1
0.540116212287 0.500075331379 1 1
0.926078857218 0.542191497113 1 1
0.333733791581 0.577733065619 1 1
-0.330800152179 0.230098850538 1 1
-0.316351208725 -0.0863662671753 1 1
0.513096683885 0.371087291303 1 1
-0.930063690191 0.975468240966 1 1
-0.690425532684 0.589033742864 1 1
-0.232775487939 -0.292635525695 1 1
-0.797342332165 0.76829123841 1 1
-0.142346609573 0.20001063836 1 1
0.895055763067 0.528199171327 1 1
-0.622907692131 0.446284843985 1 1
-0.66584587 0.347859329357 1 1
0.78412930567 0.492885528964 1 1
-0.142023171314 0.636765640595 1 1
-0.662550149938 0.237868325525 1 1
0.157194904668 -0.140520684284 1 1
-0.565692708645 -0.245424341149 1 1
0.525547911762 0.493164563336 1 1
0.346813075533 0.553073138982 1 1
-0.857894346469 -0.0403959698338 1 1
-0.637219677804 0.407546086963 1 1
-0.650931965239 -0.464069977902 1 1
0.394888242062 0.411841701205 1 1
0.171293411822 0.180970706068 1 1
-0.426754463372 -0.469287937026 1 1
-0.642298291825 0.731815411589 1 1
-0.883706383333 0.468651199178 1 1
-0.928265967167 -0.662224634738 1 1
-0.46967839027 -0.161389534863 1 1
-0.184520417466 0.494350965481 1 1
0.103021839555 0.194921483669 1 1
-0.873051004497 -0.51115770155 1 1
-0.805346567053 0.487576097393 1 1
-0.940984833577 0.302366992486 1 1
0.268699200626 0.981655422293 1 1
0.880637073934 0.506136690871 1 1
-0.346142121709 -0.251865254 1 1
-0.115205230441 0.493870128075 1 1
-0.960139421754 0.488612200925 1 1
-0.567699969736 0.623682743221 1 1
0.216273266066 -0.191948286846 1 1
-0.640370075885 0.371843692369 1 1
-0.0837161274897 -0.264020626088 1 1
0.0793860973049 0.643674049214 1 1
-0.634945507825 -0.0339766443106 1 1
0.593951455864 -0.0242386471404 1 1
0.602300311912 0.460676281047 1 1
0.234922642894 0.624567028945 1 1
0.618181336237 -0.105380848745 0 1
-0.524931174264 -0.125051927012 1 1
-0.576097940567 -0.478861741258 1 1
0.931335500259 0.419612390774 1 1
-0.925929972993 -0.100572702015 1 1
-0.653915757568 0.754631993158 1 1
0.267939168396 0.091163196785 1 1
-0.269927614186 -0.311104017718 1 1
0.733196224752 0.665690747372 1 1
0.00687614923946 0.120686610135 1 1
-0.743864258257 -0.0860780744393 1 1
0.173752494446 0.935279714759 1 1
-0.433974157227 -0.436332671417 1 1
0.617390535652 0.850913396044 1 1
-0.240190890854 -0.294972657638 1 1
-0.618222319946 -0.277173637687 1 1
-0.0354618757552 -0.304971259631 1 1
0.0330099060243 0.59111398849 1 1
-0.996031186415 -0.363456433391 1 1
0.00887939022589 -0.307306717997 1 1
-0.42509034928 0.560326548744 1 1
0.241910613654 -0.0440613855951 1 1
-0.718781512288 -0.12093508459 1 1
0.109730688576 0.453601432313 1 1
-0.592424157904 0.300333591389 1 1
0.772278592973 0.0832743510332 1 1
0.680823835578 0.841494319977 1 1
-0.13330458907 -0.06164466141 1 1
-0.973146545772 -0.620479985315 1 1
0.520091163526 0.197519127077 1 1
-0.681518643762 -0.348937951594 1 1
0.660261440973 0.895350332995 1 1
-0.86983229806 -0.213221035322 1 1
0.64434453924 0.597868117797 1 1
0.275755893082 -0.0752901730706 1 1
0.905535770697 0.877349964616 1 1
-0.660616071738 0.554155165491 1 1
0.341055419236 -0.0856539225928 1 1
0.978858827899 0.41098998608 1 1
-0.888355407033 -0.352048893955 1 1
0.319565801723 0.298066372279 1 1
-0.234032867943 0.406887025669 1 1
-0.712708499277 -0.0548617581064 1 1
-0.52079859086 -0.496406151766 0 1
0.185073402026 -0.214080434143 1 1
-0.373682865634 0.826047403356 1 1
-0.913656988197 0.911111622456 1 1
-0.509581549132 0.0493469028028 1 1
-0.0479548388055 -0.19694365863 1 1
-0.486468458627 -0.277816854175 1 1
-0.335857891157 0.356675843729 1 1
0.0539110786982 0.517966263659 1 1
0.0387545075113 0.279348309033 1 1
-0.895940440214 -0.417812248129 1 1
-0.543068379441 0.0634233268184 1 1
0.176466205401 0.134839329818 1 1
-0.281303358629 0.00398837699072 1 1
-0.917512034833 0.480840018783 1 1
0.3724606607 -0.139689945729 1 1
0.419893651589 0.479062859812 1 1
0.236564892853 -0.141820932633 1 1
0.0629105218377 0.690748941102 1 1
-0.144954908248 0.661916410173 1 1
0.00381598958265 0.611184973717 1 1
-0.51514920537 0.138997742548 1 1
-0.0682946747496 0.318012101468 1 1
-0.840605859757 -0.268056520926 1 1
0.811907087315 0.300779035896 1 1
-0.684414549038 0.639391581942 1 1
-0.522858706374 0.162603177951 1 1
0.168591345773 0.0331572505243 1 1
-0.56497674743 0.933976963077 1 1
0.430590426742 -0.106846127043 1 1
0.588250038794 0.248235852143 1 1
-0.177878237239 0.673407657372 1 1
-0.425063302094 0.295248963991 1 1
0.124191181909 0.730374427993 1 1
-0.700943290326 0.407943478063 1 1
-0.976115946274 -0.282163092926 1 1
-0.892356541373 -0.292986465721 1 1
0.850086708857 0.456852943368 1 1
0.78908966722 0.389165454207 1 1
-0.931264761005 -0.449350031856 1 1
-0.437399110898 -0.10271279061 1 1
-0.325803008459 0.820781501588 1 1
-0.572564303072 0.597316744188 1 1
0.223474406417 0.180928753793 1 1
0.800372815352 0.663307991607 1 1
0.0528084540499 0.520029882417 1 1
-0.775687982852 0.794043729807 1 1
-0.0303954328913 -0.106811216383 1 1
0.763086736696 0.875721758874 1 1
-0.900021993013 -0.0439670069401 1 1
-0.401934209245 -0.362085387941 1 1
-0.354348103884 0.998023911176 1 1
-0.632804359481 -0.135055942348 1 1
0.179593588021 0.0607526704646 1 1
0.215387749787 0.995814691081 1 1
0.0470304360671 0.240299841913 1 1
0.623870951545 0.554138036266 1 1
0.769123570925 0.293788475303 1 1
-0.23520419876 0.119805219336 1 1
0.152122492359 -0.100583800619 1 1
0.217765865176 0.145360212497 1 1
0.306477564764 0.182909934115 1 1
0.691331523399 0.119243372213 1 1
0.555977924834 -0.0570821142657 1 1
0.612237862765 -0.0958442771955 0 1
0.18141802077 0.320004744908 1 1
0.392486651656 0.671049366886 1 1
0.0765911265027 -0.00154697377577 1 1
-0.194926267689 0.420884954562 1 1
0.0810695689787 0.4641099742 1 1
0.00541359351106 0.805741054465 1 1
0.203374299813 0.159875652105 1 1
-0.996578169583 0.0692356912444 1 1
0.754385417176 -0.0270736072343 1 1
0.40517694862 0.22616437629 1 1
-0.204222866486 0.499649142312 1 1
0.907030542258 0.112385321801 1 1
0.122679637844 0.18213181294 1 1
-0.175394217926 -0.246226126227 1 1
-0.36936775009 0.941761301524 1 1
0.991998089138 0.433556980713 1 1
-0.52033029892 0.42051849649 1 1
-0.64815190433 0.690597428314 1 1
-0.541939381703 0.12283376312 1 1
-0.2980283972 -0.0633524057973 1 1
