-0.0613925613247 0.90193342864 0
0.0231407693631 -0.372716837799 0
-0.207997920266 -0.165595494086 1
0.854954513353 0.162294597771 0
0.31962094179 0.329910971537 0
-0.604461199184 -0.909596777919 1
0.748129800836 0.529954529535 0
-0.203953404941 0.771496277955 0
-0.48064565371 0.877552672032 0
-0.530178334956 0.662515359245 0
0.845603611306 0.313074018318 0
-0.545404845991 -0.181604819487 1
-0.375060075897 -0.0148802427801 1
-0.885434015339 0.783780716857 1
-0.976688199801 -0.545387848249 1
0.0571621901296 0.804270295653 0
-0.925414961051 -0.516131506108 1
0.810077786062 -0.294489651175 0
-0.402433956982 -0.983786401667 1
0.663534182329 -0.806459066573 0
-0.143494685541 -0.737263815591 1
0.954108117889 0.26098713742 0
0.857330956755 -0.043251127226 0
-0.876210998009 -0.598649775729 1
-0.465237495424 0.518061393212 0
-0.375368439391 0.534292975649 0
-0.622079086186 -0.588107798422 1
-0.513270381693 0.774352337343 0
0.656155488067 0.877477925413 0
0.131326526447 0.322596950765 0
-0.409474502896 -0.0413937129029 1
-0.651769068933 -0.168341062284 1
0.482318260873 0.116733179804 0
-0.100656047597 0.215024256261 0
-0.690764129278 -0.232840260029 1
-0.188503263076 0.137042632125 0
0.389949407147 0.0733797660539 0
0.54891270656 0.123613841334 0
0.447070704608 0.705664049821 0
0.723346582484 0.415679473499 0
0.847279746697 0.190587241634 0
-0.0530062174224 -0.040926909688 0
-0.650875027629 0.715090127079 0
0.975909608966 0.690554803853 0
0.45420951006 0.995244202385 0
0.534763749738 0.878207658639 0
0.0446328068877 0.216182671255 0
0.287008724141 0.767394326184 0
0.706207507639 0.291280454454 0
0.503656305401 -0.991037178277 0
0.0120571148239 0.326390024015 0
0.359616691897 0.294653194946 0
0.113121675346 0.971043862416 0
-0.80076626506 -0.921415391747 1
-0.00934330314218 0.31490105464 0
-0.225221470594 -0.0746518770262 1
-0.336872715152 0.881589110971 0
0.9832674203 -0.0803980359127 0
-0.133636907169 -0.0647542625507 0
-0.290339451346 0.020374511502 1
-0.105339542053 -0.481811236602 1
-0.769240443311 0.580233433127 1
0.514571531131 0.948845868394 0
-0.826152139857 0.565147117413 1
0.267052298129 0.731222460524 0
-0.682003710617 -0.848592405384 1
0.398579277256 0.995446279789 0
-0.229970391933 -0.878108703076 1
-0.913316027995 -0.932150996479 1
0.422206735971 0.994758679166 0
-0.701457086742 0.160108089595 1
0.00527812468361 0.364686375746 0
0.433216034899 0.194503420106 0
0.51366015404 0.670190888159 0
-0.0920454775345 0.666728666522 0
-0.265164039796 -0.452022099678 1
-0.208806270175 0.758759244513 0
0.33122172133 0.80936352391 0
-0.319304426277 0.417174496486 0
-0.817234355545 0.484365108769 1
0.875400661973 -0.12748650511 0
0.344852287714 -0.7041652577 0
-0.00134623899448 0.907035270735 0
0.752663272266 0.230604364724 0
-0.280470248272 0.967107778583 0
-0.16694299436 0.332089955885 0
0.400155447329 0.503296991843 0
-0.0449069532792 -0.106563728088 0
-0.346971171373 0.0162613049508 1
0.184555813772 0.738695631449 0
0.835934134217 -0.0430341013113 0
0.8999092092 0.868666659278 0
-0.720298810778 -0.601752197965 1
-0.0771928765156 -0.710663161123 1
0.682849882202 0.756110732791 0
0.925748242974 0.30390711782 0
-0.28394029753 -0.614411721968 1
-0.990440036238 0.463193253876 1
0.0703662474854 0.341958825372 0
0.567426199135 0.690403988386 0
0.285478644494 0.579548595638 0
-0.961190227433 0.924494994632 1
-0.704405644937 0.344322988641 1
-0.306125055663 -0.928045136424 1
-0.675587471879 -0.822026580184 1
0.389717577978 0.0908322611223 0
-0.140212926663 -0.256128587673 1
-0.353928469598 -0.314703714726 1
-0.961259661813 0.912692903405 1
-0.920086926155 0.530230901074 1
0.017953465044 -0.738824083509 1
-0.922488219889 0.0416006210224 1
-0.0969785094057 0.36694531419 0
-0.271159025628 0.0453090235251 0
0.779465923883 0.949845201448 0
0.448879729262 0.799982301857 0
-0.629491178905 -0.677778949561 1
-0.504267851523 -0.156819615478 1
-0.879532647836 -0.711181222229 1
-0.00362468832462 0.330539656635 0
0.779905611184 0.0946703846784 0
-0.777342234908 -0.879934751758 1
-0.187518907935 -0.196260727603 1
-0.788356296259 0.842748141677 0
0.123899241357 -0.579733681745 0
-0.927441125614 -0.868996075922 1
0.676666582719 0.830306341656 0
-0.493028473052 -0.32746199096 1
-0.150280074101 0.817553846882 0
-0.0418321644969 0.57730424359 0
-0.668426230469 -0.444586831278 1
0.49532103389 -0.840107862469 0
0.89346273107 0.374361719053 0
0.166500753269 -0.79716591406 1
0.442939614967 -0.33112554188 0
0.762765144431 -0.649424864541 0
0.0651104713579 0.427088237376 0
-0.251048889486 0.100206659463 0
-0.89942147174 -0.496708378929 1
-0.645198883828 0.871074251568 0
0.216603701931 -0.111832004537 0
-0.985041615113 -0.666435241705 1
-0.415147238242 0.997704531821 0
0.352734452813 -0.990055309824 1
0.234114311616 0.458766303754 0
-0.336608308191 -0.580334441347 1
-0.471503091571 0.822597785509 0
0.0597320432991 -0.0235727446108 0
-0.499150316173 -0.113310645345 1
-0.617971623784 0.0152281994179 1
0.101755897885 0.916995309543 0
-0.479766176197 0.132443372677 1
-0.971874256506 -0.491845068485 1
-0.739693841963 0.804113981788 0
0.65660413757 0.0547127303723 0
0.847478496948 0.522003443971 0
-0.806848077506 0.973165003274 0
-0.851387909712 -0.547799959912 1
0.582666596552 -0.583598481759 0
0.682485451692 -0.237017193453 0
0.386800148021 0.769809817474 0
0.190690967937 -0.304844293832 0
-0.855703748129 0.801344676697 1
0.702287673747 0.784637395204 0
-0.372771846801 -0.993761408824 1
0.800590105737 0.198374364861 0
-0.659640525619 0.616833404759 0
-0.874960337091 -0.0624114688125 1
-0.616930671415 -0.167246887026 1
0.564127193924 -0.09491057257 0
0.35009802695 -0.652134122451 0
0.53269674331 -0.906942555968 0
0.345446772774 0.508655451253 0
-0.63048345272 0.0492175335124 1
-0.515425542258 0.913499600087 0
-0.599833250208 -0.14464266319 1
0.530824829196 0.372429183357 0
-0.838167698178 -0.151607280739 1
-0.0601804836803 -0.286810986072 0
0.52590841278 0.0917438107228 0
0.169706917313 -0.259591954864 0
0.856255168986 0.672273777821 0
0.469252341164 0.389020217961 0
-0.955236413685 0.840059616667 1
-0.103494882061 0.79031634784 0
-0.18510777997 0.342263079624 0
-0.966866271034 0.0868771066011 1
-0.114955216906 -0.00358993331718 0
-0.145095983111 -0.500260846722 1
-0.415921534067 0.992867034417 0
0.296368191446 0.557172856276 0
-0.471282358892 -0.839529660859 1
0.772222448249 0.571199448888 0
0.341378865115 -0.397032396646 0
-0.0699331651691 0.633323500735 0
-0.29080149713 -0.0588251889976 1
-0.602727867361 0.172364937001 1
-0.103075953826 -0.482190140958 1
0.786130040345 0.429467568877 0
-0.555296842363 -0.963376088092 1
-0.430045146376 -0.704267335643 1
0.394891726068 -0.527245233615 0
0.789922450249 -0.477428778722 0
0.0856018604989 0.202583303488 0
0.628544012012 0.921106070316 0
-0.680448122706 -0.770965531226 1
-0.453368960924 0.100919217911 1
0.74765409974 -0.820167052317 0
0.934402650717 0.559875627441 0
-0.37017392341 -0.104144163283 1
-0.913775601447 0.15587390887 1
0.14852706201 0.265976921189 0
0.354386562995 -0.659285645606 0
-0.259859608403 0.343559603089 0
-0.945048161527 -0.0745763308155 1
-0.969742572057 0.205734767665 1
-0.253666314705 -0.533823911483 1
-0.591725031498 0.189420313645 1
0.0247677623809 -0.883473459827 1
0.379327850238 0.39498634092 0
-0.896007371081 0.593856833502 1
-0.177468244528 -0.253806684913 1
0.357568420045 -0.401644505003 0
-0.790941673675 -0.9794679532 1
0.999942321749 -0.206416575429 0
-0.879686466598 -0.583155394212 1
-0.492424154597 -0.260195795754 1
0.607632638594 0.308431985659 0
0.0898564099845 -0.27651921686 0
0.759637625902 0.851230696484 0
-0.648199288541 0.12584887115 1
0.135878748157 0.314491311665 0
0.956386083709 -0.823516825308 0
-0.214983291092 -0.0265402789164 0
0.869284537201 -0.96525584735 0
0.801317462583 0.084845633865 0
0.43848503434 0.0791580454682 0
0.795565800779 -0.0771462804984 0
-0.437197963203 0.997577658032 0
-0.940764616259 -0.140191453506 1
0.646606589029 -0.362704221189 0
-0.526186462276 0.0355125021974 1
-0.177939153321 0.817839320573 0
0.893632909582 0.277709633043 0
-0.919190976991 -0.835809344473 1
0.520455683508 0.820075350378 0
-0.443774112718 -0.0354927919114 1
0.464704366662 -0.19239748442 0
-0.612591906475 -0.808867540801 1
-0.843951542197 -0.594295332401 1
-0.125373959325 -0.0945905319679 0
-0.930724203984 0.633012059704 1
-0.230797194278 0.239264820353 0
-0.506871722373 0.373947583304 0
0.144142107551 -0.944116932419 1
0.954294967965 -0.167428101744 0
0.849322690775 -0.812019470244 0
0.515472615367 0.692153714582 0
0.793626822286 0.53548315333 0
0.167474016651 0.294516495531 0
-0.437276064532 -0.81025695507 1
-0.452358439474 0.24214598911 1
-0.0201652862699 -0.548425857303 1
0.203894700149 -0.218230392395 0
0.3810218169 0.466740734383 0
0.215770348574 0.613644467923 0
-0.0987985502521 -0.00711401466216 0
0.992897242532 0.918742163847 0
-0.931865903121 0.506382874205 1
-0.766944451259 -0.2432482829 1
0.723800330715 -0.527523138662 0
0.0113499876144 0.154139000934 0
0.95033625878 -0.553955625061 0
-0.39509501826 0.195920848508 0
0.993585892686 0.315779634352 0
0.0413684383597 -0.383241674706 0
-0.243295900439 -0.0109498643453 0
-0.442500017549 0.727857850364 0
-0.737082285846 0.0657883961789 1
-0.829815852635 -0.286511996648 1
-0.382312787273 0.885976178955 0
-0.97943440227 0.797029466318 1
0.433314109648 -0.138872903231 0
0.367680464305 -0.833732703289 0
0.351430139544 0.985833829004 0
0.788282378944 -0.461596145998 0
0.97914721886 0.38216598108 0
0.765964754638 0.980750599217 0
0.65328292646 -0.605983846863 0
0.770596648204 -0.265622070028 0
0.21893773209 0.0482053727415 0
0.231577064883 0.616033498217 0
-0.205695416421 0.409554877877 0
-0.437265410833 0.952541697433 0
-0.92619689652 0.0477491014106 1
0.597633846636 -0.47709895525 0
0.0360729859545 0.282701924222 0
0.445668482891 -0.508519419862 0
0.97970887102 -0.768544179946 0
0.957365075315 0.47738731349 0
0.644222968979 0.00382538432711 0
-0.05637338204 -0.574324719913 1
0.370400925729 -0.108297895151 0
-0.101998245349 -0.0732599422972 0
-0.773264619347 0.842810863259 0
-0.671353500599 0.949345008887 0
-0.615943819327 -0.142566458428 1
0.0970335499207 0.360758250036 0
0.143972655888 -0.859739931813 1
-0.990451819214 -0.653371333127 1
-0.610703330101 0.301272961674 1
-0.539862343913 0.230962358215 1
0.281269531238 0.523390719902 0
-0.239688255405 0.261557547799 0
-0.545220038849 0.624064735986 0
0.641350082044 -0.785405570907 0
0.626796720677 -0.477868972027 0
0.864681327447 -0.109675814341 0
0.371945924975 0.71045795785 0
-0.649230832569 0.346760347232 1
0.751060950972 -0.731863067337 0
-0.578107551781 0.757008594248 0
-0.657943313141 -0.952982257877 1
0.664920081318 0.0445266146145 0
0.800069608305 -0.172086083326 0
0.536765868046 0.894721702831 0
-0.912944517482 -0.46962190737 1
0.0900229264649 -0.554092443672 1
0.710736999874 0.403747234274 0
0.415352268658 0.948689014065 0
0.81863643014 -0.22948063096 0
-0.810875399236 -0.198376442756 1
0.242683228886 -0.162696881467 0
-0.213017216017 -0.791193997947 1
-0.364164817522 0.527962921953 0
-0.402618019817 -0.314599536575 1
-0.665256965787 0.829145931789 0
-0.209491006664 -0.898145784899 1
0.743901711752 0.681132986377 0
-0.186660683704 0.970083395466 0
-0.141160502578 -0.266393739349 1
-0.507945118889 0.341809742919 1
-0.142252512462 -0.835918499618 1
-0.100604456669 -0.198128050652 0
0.770998707894 -0.671717828544 0
0.198377804396 0.195231470595 0
0.953978986649 -0.499977413958 0
-0.133242258582 -0.696922969236 1
0.532162980807 -0.329564249011 0
0.49685972743 -0.819028881423 0
0.371201767803 0.356688747076 0
-0.733851777213 -0.761227351118 1
-0.0670877313977 -0.061888133856 0
-0.364142689871 -0.146341153546 1
-0.319504604173 0.156447447942 0
-0.719328354355 -0.555263301309 1
0.648900031829 0.402399268016 0
-0.089322164731 -0.680082188592 1
-0.267851468667 -0.959499721625 1
0.906924398281 -0.653053665323 0
-0.52324582762 0.782341583745 0
0.161662430929 -0.534039944507 0
0.321774402642 0.252272810355 0
-0.779001548414 0.25114835482 1
-0.0832773357924 0.982236296703 0
0.870944756465 0.210571198328 0
0.373034588331 0.37235502339 0
-0.0200242797232 0.940695939169 0
0.718121037749 -0.141639218797 0
0.749180821859 0.803420383179 0
-0.317970892043 -0.456392502207 1
-0.166093360903 -0.448878519531 1
-0.936734488516 -0.68193581296 1
-0.24719697592 -0.0883779957812 1
-0.0473586595512 0.747475847841 0
-0.168399106084 0.525717840078 0
0.63730515729 0.445640080432 0
-0.675426974956 -0.919827951858 1
0.173532727577 0.124462083714 0
-0.982512674259 0.187850013861 1
-0.754160901146 -0.343823880529 1
-0.835520275 0.758423147615 1
-0.540983145924 -0.440247956301 1
-0.897639812766 0.272532090291 1
-0.373717440251 -0.410005300342 1
0.928242956955 -0.114852531402 0
-0.769023087647 0.129455478951 1
-0.815305766427 0.613217953631 1
0.84046016054 -0.0317691439906 0
0.815895615183 -0.148287525452 0
-0.833318394675 -0.107687556826 1
0.19695300044 -0.369284508086 0
0.684926098477 0.297611401943 0
0.91560689954 -0.337099573346 0
0.792877412968 -0.967133124731 0
0.479250587317 0.185436534347 0
0.0426953018057 0.874095379565 0
0.844772149508 0.745161925761 0
0.571693608551 -0.379813426947 0
-0.641146735458 0.717750053065 0
0.655446634668 -0.275797913188 0
0.852684846107 -0.922865603427 0
0.548509894645 0.563552273463 0
-0.254972365114 -0.977116485131 1
-0.994452544899 0.764103560754 1
-0.141221063543 -0.0640720656688 0
-0.549561993778 -0.305830934335 1
0.432775493745 -0.435673959846 0
0.944054230735 0.974451564023 0
-0.663609623992 0.75452121991 0
-0.84778160189 0.780919549312 1
0.800414634001 0.288433154761 0
0.624475674904 -0.97993591701 0
-0.810271871158 0.783643043274 1
-0.256153994802 -0.928302521958 1
-0.0968331831235 0.678751208915 0
-0.142801650438 -0.237291103404 1
-0.437143694017 0.27292573026 0
-0.963050827655 0.897474276337 1
0.920524639237 -0.442283270423 0
0.327661320763 -0.455342708338 0
0.902927605131 0.498839567019 0
0.110097446784 0.894302553581 0
-0.977512573982 -0.520004518561 1
-0.59138858897 0.328592222897 1
0.188349547959 -0.689884176202 1
-0.627307812221 0.383971507932 1
-0.29046165172 -0.203541441046 1
0.394546380658 0.196001826813 0
-0.323455525265 -0.152950176233 1
0.483895992 -0.00908617277375 0
-0.471225213323 0.657112468434 0
0.483109251004 -0.974058047523 0
-0.76853145538 0.36353559163 1
0.823236098343 0.207928681846 0
0.633442200087 -0.990496068524 0
-0.818416384609 -0.15320224668 1
0.783843176119 -0.669058821868 0
0.187114975508 0.9378950488 0
0.121819181209 -0.553205738034 0
-0.842970505602 0.141788359307 1
-0.21465426459 -0.43431029538 1
-0.724533711116 0.0181950214571 1
-0.690883815822 0.587546239665 1
0.359415511642 0.602141540939 0
0.219236171918 -0.828268343522 1
-0.411977044046 -0.626247995528 1
-0.490247771312 -0.818993316415 1
-0.0866605237799 -0.0219378805209 0
0.378613803026 -0.159256340484 0
-0.801690520161 -0.973651717108 1
-0.789234332793 0.117035760371 1
0.37856526453 0.342390639086 0
0.862020980373 -0.750588138609 0
0.525813427898 -0.657046593804 0
0.827525225772 -0.339953248565 0
-0.229730600209 0.552256272223 0
0.540754500545 0.370244403295 0
-0.186996346428 0.771445477467 0
-0.645413431958 -0.495768819652 1
0.280909795329 -0.783798592984 0
0.194240830322 -0.319639809023 0
-0.870039215351 0.859307485908 1
0.985002898932 -0.47405681011 0
-0.112792116277 0.37007598419 0
-0.416830132814 -0.417317508666 1
-0.683616762453 -0.230735657108 1
-0.910144274441 -0.784744295064 1
-0.214012654913 -0.155284056647 1
-0.173085506706 0.175104700237 0
-0.977787986264 -0.372232564498 1
-0.968771871719 -0.942660160214 1
-0.59878209122 -0.318508883152 1
0.767393147149 -0.682376959856 0
-0.0988337731452 0.827506721196 0
-0.426187708851 -0.0018125080383 1
0.325743946686 0.830961535694 0
-0.265652952021 -0.635168015712 1
-0.381888860283 0.772921282487 0
-0.980546666647 -0.554423289679 1
-0.666137609716 0.584270906048 1
-0.479158529049 0.092361435501 1
0.397019213872 0.235685251171 0
0.138379893316 0.940709324994 0
-0.924320785783 0.292696784476 1
-0.113040958353 -0.491395585648 1
0.676684249789 -0.588830794893 0
0.751180787074 0.138046488433 0
0.823734991639 0.747886627476 0
0.778937982486 -0.744885099492 0
-0.913966879945 -0.647033770657 1
-0.967235893257 0.152059947155 1
-0.0155221900618 0.0492585571726 0
0.747465682747 -0.753618772282 0
-0.696921931067 -0.51573621184 1
0.138816860251 0.223330711485 0
-0.61160417137 -0.0851155843976 1
0.342010857858 0.661492281525 0
-0.627897176683 -0.953747830758 1
0.399108169878 0.345050730354 0
0.508215445548 -0.237935674953 0
-0.633382782531 0.772353420178 0
-0.918864575604 0.419870087592 1
-0.503777263902 0.915371395412 0
0.481849506936 0.270434516616 0
0.283901815171 -0.901319733561 1
0.604584082507 -0.898363412296 0
-0.10522708648 0.668402607443 0
-0.689820101595 -0.82820483831 1
-0.408990200983 0.195867438173 1
0.504147539564 -0.20375595735 0
0.758361732118 0.726061166798 0
0.602203670649 0.665411996379 0
-0.381469143684 0.965215256421 0
0.441978005739 0.971741796755 0
0.590697883284 -0.844979620741 0
0.657397738473 0.521061736334 0
-0.752079191028 0.52522032329 1
0.699174680345 0.537948705936 0
0.468589404605 -0.19980397543 0
-0.156559271157 -0.080816795899 0
-0.547727980857 0.486880026268 0
0.622875268943 0.221866443602 0
0.617936467387 -0.137877195742 0
0.323161091544 -0.672378806205 0
0.486459918698 -0.152899831687 0
-0.569130670626 0.0977692717313 1
-0.915101428096 0.776719569569 1
0.161231368586 -0.33571116361 0
0.669417135074 -0.217468104212 0
0.429872928476 0.103079957895 0
-0.468132076543 0.253602869093 1
-0.963653962097 0.902577575992 1
-0.149482107625 -0.33600555754 1
-0.270173215448 0.467266759656 0
-0.0511408706126 0.432546128589 0
0.572879073713 -0.764028039096 0
0.596019369482 -0.101482221033 0
-0.895436514426 0.813229813856 1
0.947835314337 -0.912499649813 0
0.3561623814 -0.0890492408874 0
-0.310858266271 0.28013988203 0
-0.979322598185 -0.688558259113 1
0.630943298386 -0.626676412767 0
-0.866101132468 0.581286387712 1
-0.14582082031 0.60783939163 0
0.677443340989 0.288224550242 0
-0.42443877015 -0.649194639187 1
0.725327295835 -0.74407919792 0
-0.288087968162 0.399008815989 0
-0.123040865192 -0.334167243613 1
0.988470854985 0.777235323533 0
-0.841027223125 0.338187471451 1
0.35913294231 -0.179847603001 0
-0.0553638084545 -0.0725452297387 0
0.971232941668 -0.769629746165 0
-0.69940832993 0.212401823947 1
-0.312308586899 0.649028595246 0
0.0684685154588 -0.229131029315 0
0.938472289792 -0.106249720197 0
0.397839538843 -0.269355231334 0
0.742335737217 0.928437465107 0
0.53394477162 0.447492856972 0
-0.339499138513 -0.628962503572 1
-0.538955767947 -0.693537855982 1
0.614333872336 -0.160930568421 0
0.810881392897 0.273389878426 0
-0.540134970279 0.210316401211 1
0.135464212142 0.207467327928 0
0.0871280551397 -0.325088499333 0
-0.468854201372 -0.62871080941 1
-0.462555951257 0.675094414797 0
0.299548673671 0.278096700259 0
0.576980364282 -0.630015385783 0
-0.104393852307 0.270904342741 0
-0.11378105376 -0.900144664154 1
-0.605685024476 0.168299786335 1
-0.715837596339 0.726458605362 0
-0.111438590931 -0.681693223809 1
-0.646077474554 -0.905309582013 1
-0.799720672461 -0.13557290031 1
0.00692201564058 -0.769473666188 1
0.156206330228 0.455643792182 0
-0.997670635373 -0.0258521467026 1
0.267630992475 -0.612656272742 0
0.188764970622 -0.686877324161 0
-0.89493273377 0.352562615313 1
0.0815008728824 0.500180396039 0
0.992949965643 -0.219476548408 0
0.699545934493 0.812842540064 0
0.460481984459 0.214510458568 0
0.235237610262 0.253383688682 0
-0.671592331068 0.769415188732 0
0.75402193665 0.218128047772 0
-0.923194484857 -0.696756590524 1
0.482945769794 -0.786291445823 0
0.132234066954 -0.553823206389 0
-0.0754209736135 -0.224358811081 0
-0.349288896037 0.0152401983663 1
-0.258890516908 0.0772627193811 0
-0.34419308398 0.744431046816 0
0.0981769696027 0.571934008323 0
-0.383012929095 -0.66695795134 1
0.178764211436 -0.968322432909 1
-0.816065925754 -0.289904961592 1
-0.428011528486 -0.771001593036 1
0.676856226379 -0.179442137106 0
0.940826797565 0.999876284892 0
-0.0639360579352 -0.332038242213 1
0.968100502458 -0.162286572746 0
-0.405152017211 0.798163125566 0
0.30129332611 0.086993424915 0
-0.423956115011 0.0590007610925 1
0.823230746983 -0.761540151502 0
0.959051932871 0.780421874389 0
-0.238788761028 -0.68250207982 1
0.969674268356 -0.926165960531 0
-0.359646697755 -0.934952468893 1
0.0641801422257 -0.125827552575 0
-0.733891293869 0.20045990538 1
0.961381273669 -0.444889168328 0
-0.545599212692 0.462641543003 0
-0.532402240736 -0.00339446822522 1
-0.629034070561 -0.416682281706 1
0.259795950346 -0.399490804975 0
0.643834855397 -0.958137927422 0
0.300175447079 -0.00761030558414 0
0.524408248163 0.693903369145 0
-0.177340164451 -0.486666252615 1
-0.0217626656093 0.401066621887 0
-0.823666971672 0.434482651907 1
0.356332789739 -0.673506072954 0
-0.602335248165 0.706225699395 0
0.854896831456 0.368167235131 0
-0.672173899799 0.727719543554 0
0.556147191881 0.436091483018 0
-0.347321278695 0.0721020003899 1
-0.427533560193 0.422103334446 0
-0.409921721856 -0.995594912497 1
0.302815119394 0.101496615258 0
-0.298852200699 0.228694886485 0
0.739576974632 -0.347968605489 0
0.452531781969 -0.109869534451 0
-0.496238814872 -0.167244473228 1
-0.602699524204 -0.666279799979 1
0.282761492997 0.560946963096 0
-0.237905198799 -0.622633349172 1
0.923573273241 0.628978978328 0
-0.683889275733 -0.139565333423 1
-0.245494138508 0.47945413566 0
-0.590704630473 -0.598332885836 1
-0.770046799986 -0.765708126103 1
-0.643044452938 0.518199382577 1
0.925500668876 -0.760307978033 0
-0.788928893087 -0.306365780609 1
0.427816747616 -0.44284497489 0
0.707592997948 -0.198856151708 0
0.0636722784705 -0.819392527296 1
0.0448572212819 -0.101896093907 0
-0.748745684891 -0.854950097092 1
0.970374504746 0.768709019078 0
-0.567429364091 -0.375723384628 1
0.49421789148 -0.892137504678 0
-0.54357845723 -0.559209968515 1
0.289280021115 -0.8743538736 1
-0.286179370617 -0.087206232652 1
0.757573471699 0.0801723294466 0
0.551700668846 -0.725767723303 0
-0.384135373101 0.10463894212 1
-0.201238362998 -0.554343610525 1
-0.694357861172 -0.27859164452 1
-0.22426413069 0.0857347160155 0
-0.0948343879436 0.817361051845 0
0.0863617686871 -0.201608071386 0
-0.239806280214 0.491546176388 0
0.253202761852 0.402535185412 0
0.260002513831 0.977040504412 0
-0.988812286119 0.0244749296711 1
-0.495914363876 0.476106819516 0
-0.529409481151 -0.775577720829 1
-0.722282545412 -0.354398495941 1
0.682012055496 -0.101726141025 0
0.479900932346 -0.109302026908 0
-0.0888201064788 -0.758712127617 1
-0.387758916784 0.0727275870698 1
-0.876774318955 -0.111833468352 1
-0.502751108725 -0.777199799869 1
0.6971880139 -0.250000364887 0
0.782205066149 0.774219460637 0
-0.0693712526853 -0.179622195277 0
-0.0867487209691 -0.415644054518 1
0.753060872448 -0.0774120345053 0
0.249573728898 0.390216208811 0
0.0654357552938 -0.230025855636 0
-0.309556076888 -0.494730938693 1
0.569185675583 0.859468526385 0
0.0149991218972 -0.616236588281 1
0.0627283567936 -0.744804731015 1
0.190565279599 0.651876417479 0
0.595319139563 -0.735471592906 0
0.196250549943 0.518749092169 0
0.496195103767 0.517671935635 0
-0.747278255301 -0.339069353193 1
0.717154520978 -0.24476460096 0
0.696404159356 0.387623725856 0
0.422946032399 -0.131978761903 0
0.624315615986 -0.456102644516 0
-0.593239152023 0.825996166331 0
-0.143008481798 0.32553690106 0
0.106955864611 0.485995972419 0
-0.462872783342 0.912455849606 0
0.996956855261 -0.909395163481 0
0.61571688858 -0.182537543286 0
-0.76352025607 0.847121725126 0
0.695565941594 0.762926393861 0
0.76217744523 -0.808683146909 0
0.285376368877 -0.561192914953 0
-0.836142872165 0.0135493566437 1
-0.768154485334 0.857902586587 0
-0.459375407194 0.362381213074 0
0.512825052757 0.223568046682 0
-0.693761923101 -0.707149748944 1
-0.730015004025 0.598482601511 1
0.0230867194069 -0.0696699696501 0
0.987166824167 0.709314852599 0
-0.378151006675 0.146613861535 1
0.0365234114221 0.0408352988223 0
-0.108715749398 -0.253099174559 1
0.934497307983 0.164248509632 0
-0.219619186997 -0.617161028913 1
0.701335646601 -0.92579660806 0
-0.219509107727 -0.10275687442 1
-0.160682796352 -0.778020799179 1
0.221520257739 -0.68452250562 0
0.0781647733154 0.765464900743 0
-0.146020860547 0.276161222861 0
-0.654859149848 0.81915538878 0
0.803119841138 0.825406716367 0
-0.864631164962 -0.726111795607 1
0.53361612519 -0.540700253735 0
0.611385632675 -0.0258821136904 0
-0.894473402482 -0.871874326402 1
0.95656966201 -0.958785581187 0
0.699309717479 -0.94712913712 0
0.224988617012 0.18016588055 0
-0.18362164472 -0.734692178382 1
0.473923305007 -0.617583294844 0
-0.506518342561 -0.5874568845 1
0.408250722483 -0.286848497096 0
-0.441331977526 -0.119647760897 1
-0.5063890498 0.241686516687 1
-0.146190293389 0.203229611333 0
0.705153086645 0.938901726221 0
-0.401562813365 0.302307391189 0
-0.642139191662 0.806844070564 0
-0.332162914476 0.104096764 0
0.418108453199 -0.221045897032 0
-0.730981217131 -0.243210635242 1
0.326599063772 -0.537871661304 0
0.506931139184 -0.688659473902 0
0.993351497677 -0.483266974911 0
-0.777205283335 -0.951086280553 1
0.530121529334 0.768512590909 0
-0.901423737727 -0.788956108289 1
-0.729527018796 0.53157995546 1
-0.363191079353 0.792264145182 0
0.61010541314 0.730195042498 0
0.0366823626352 -0.0246609626976 0
0.423458239304 0.575919771598 0
0.934676241227 0.46794288145 0
-0.097998260515 0.452787183727 0
0.74728809569 0.367991414507 0
-0.764225777304 -0.598315772538 1
0.660745917972 -0.521836949223 0
0.0337033308005 0.435987517576 0
0.576314160764 -0.490075912116 0
-0.753247089531 -0.00076902862099 1
-0.487357619005 -0.933247071275 1
-0.751282249784 0.244792626201 1
0.392517428426 0.444304940362 0
-0.497989937697 0.0440421377436 1
-0.41599499416 0.887947063575 0
0.123252147567 -0.303404267969 0
0.632676266861 -0.830822875522 0
-0.134077111591 -0.0155816218016 0
-0.910652005294 -0.844683698602 1
0.0211164952835 0.27527186685 0
0.413359961592 -0.145052694037 0
-0.492701902593 -0.956885854931 1
-0.342846068482 -0.644738326896 1
-0.607151061067 -0.3061134988 1
0.0591080993012 0.724673952452 0
0.693986102512 -0.924220267387 0
0.580816492551 0.742492582449 0
-0.0663483116191 0.608326804532 0
0.516651136822 0.128634263972 0
0.0940807362777 0.669869625091 0
-0.903896118822 0.858358812441 1
0.913426843652 0.182941282492 0
-0.936934841932 0.566198199426 1
0.355541375735 0.158749625956 0
-0.761655335721 -0.122530675211 1
-0.978291704609 -0.252611450346 1
-0.111478287237 -0.398400147116 1
-0.103944876836 -0.301807585518 1
-0.765165962164 -0.480608251463 1
0.954049140805 -0.545542380201 0
0.736975801567 -0.900403858892 0
-0.094769474827 0.769098696633 0
0.709003709477 -0.407972970598 0
-0.52308507008 0.518039382326 0
0.748137237749 0.396445066632 0
-0.1535762195 0.446622596835 0
0.0887816890802 0.209840559411 0
0.378708077096 -0.198807191136 0
-0.0224448309015 0.984231212014 0
-0.47122066039 0.394585273876 0
-0.573761778401 -0.985582196636 1
0.926709780826 0.35573448158 0
-0.118901000886 -0.718450804901 1
-0.635629827005 0.0562747189839 1
-0.775517117994 -0.193908190935 1
-0.926047225485 -0.567810368601 1
0.93817607778 0.434735381081 0
0.371757783087 0.770633647985 0
-0.821770044535 0.445944841257 1
0.508893789995 -0.613685471723 0
0.491634022859 -0.669675240397 0
0.19497002772 0.692372218676 0
-0.894918532618 -0.0943639107577 1
0.217812640114 -0.11130573614 0
0.136796222463 -0.469491030824 0
-0.70211655744 0.204979347737 1
-0.360309028818 0.23410804404 0
0.134792454206 -0.684313045998 1
-0.405471469579 0.790588195257 0
0.530832264968 -0.255237098656 0
-0.626399723532 -0.941659913906 1
-0.0646802299423 0.983176603235 0
0.692681892136 -0.319207784253 0
0.0635542819865 -0.244270314738 0
0.809115410751 0.813340134492 0
0.455051593039 0.219433804091 0
-0.969113069063 0.961249991484 1
0.430408560147 -0.323257069029 0
-0.655268962918 0.529217218749 1
0.752958433535 -0.98080455512 0
-0.510164400605 -0.0881293279511 1
-0.559143591037 -0.616685456563 1
0.568984285252 0.848110351954 0
0.00567572873423 -0.842798557289 1
-0.00967180967238 -0.285187094666 0
-0.842878778605 0.0488657718313 1
0.902817336124 -0.622309317099 0
0.504235685208 0.917614850803 0
0.632669083965 -0.255925682795 0
-0.99397303299 0.107089598819 1
0.431027246431 0.165624910578 0
0.373505739176 -0.272622237308 0
0.843436809416 0.11329488469 0
0.886800587832 0.0426011183169 0
0.831451069511 -0.545878070884 0
-0.763403361672 0.047570387263 1
0.0859859511519 -0.781892062714 1
0.256970167245 0.549027822887 0
0.266053776323 -0.786319632055 0
0.0976207468122 -0.102551483623 0
-0.601704890964 0.258976860922 1
0.264047194406 -0.243427099741 0
0.821037991707 -0.552756085272 0
0.114825063981 0.870121598567 0
-0.659358747178 -0.102475516442 1
0.66173011221 -0.51902503978 0
-0.28135334427 -0.495596353648 1
-0.237439852112 -0.534870839678 1
-0.715927007517 -0.124657745529 1
0.311028692091 -0.577896800595 0
0.188192507979 -0.365975204498 0
-0.347793693333 0.84380869808 0
0.794151783505 0.337792608665 0
0.267829895139 -0.457155281065 0
-0.0995147202093 0.552453063299 0
-0.71396540942 -0.843546326102 1
-0.496262904212 -0.0499421279949 1
-0.998094704897 -0.934454609178 1
-0.782927232187 -0.922187430355 1
-0.182333054674 0.492146207773 0
-0.69920461977 -0.774872917235 1
-0.409631478048 -0.58057100224 1
-0.40079484863 0.461203859384 0
-0.0907264195059 -0.697080084244 1
0.250887879314 0.919187625127 0
0.7733978651 -0.734639635092 0
-0.496888840966 -0.996828498998 1
0.0775334906405 0.300624346026 0
0.231852680076 -0.190330524346 0
-0.874837276142 -0.973733625036 1
0.392460415217 -0.0179622244289 0
0.149487318336 0.918671629279 0
-0.230420294921 -0.605150483109 1
0.756892104953 0.842622372113 0
-0.234369150372 -0.866549938499 1
-0.962567624611 -0.398083569946 1
-0.220005529738 -0.0427384629654 0
0.267383603328 -0.485946180473 0
-0.84618059056 -0.0460123083625 1
0.355740552906 -0.281101880213 0
-0.986665950356 0.152391085179 1
0.538609700029 0.357528247526 0
0.867074861113 0.147956061655 0
0.62552160009 -0.759594206759 0
0.665468948191 -0.722258730769 0
0.217559692349 0.095235250837 0
0.777762307006 -0.0854087412 0
0.853230025827 -0.553591653903 0
-0.607607344663 -0.198963472512 1
0.66858132858 0.758561973656 0
-0.513304475112 0.0997196508882 1
0.975079094975 0.0302786972698 0
0.878089487916 0.259602131364 0
-0.114302132224 0.949533550847 0
0.00258554968447 -0.677346251524 1
0.543360251547 -0.158542560236 0
-0.904047194696 -0.854807856147 1
-0.619845105873 -0.010109567677 1
-0.927728672876 -0.659056109804 1
-0.909615797012 0.18633992246 1
-0.852605545403 -0.0965660035793 1
-0.549881265424 -0.294530152725 1
-0.343574682598 0.484175164606 0
0.96028124659 -0.539967675856 0
-0.742642646528 0.799912657576 0
-0.953134575375 -0.26658749384 1
0.798731585632 -0.0662164712116 0
0.397556375505 0.358417429727 0
-0.113095640572 -0.480614426583 1
0.0812923906337 -0.352199656414 0
0.632927485713 0.683452328362 0
-0.884708859559 0.179235254343 1
-0.168002659831 -0.886475143858 1
-0.752450288563 -0.752325654772 1
-0.0962353251027 -0.243059845974 0
0.85071541089 -0.501943115052 0
-0.851934687625 -0.116993960124 1
-0.750311573107 -0.344154723977 1
0.442531299572 -0.794462688386 0
-0.332000000896 0.985981244422 0
0.140211154139 0.40845682455 0
-0.678517595184 0.862199302881 0
-0.785343773796 0.597698258217 1
-0.0374928187521 -0.0220561369049 0
-0.328214787247 0.56646427261 0
-0.378152576256 0.656136317924 0
-0.814037882011 -0.824093229257 1
-0.930887222631 -0.673381764999 1
-0.242483383758 -0.816453808363 1
0.381375984729 -0.0599310375171 0
-0.126524815709 0.857328642176 0
-0.585465741386 -0.290076606281 1
0.80949393074 -0.928401950145 0
-0.00327999630888 0.225874065431 0
-0.27754894998 -0.0217481563288 1
-0.411237781466 0.731169451232 0
0.90131310917 0.26964768689 0
0.399231495926 0.485840850918 0
0.831826596116 0.108565823501 0
0.921146615392 0.0171173551028 0
0.935095040157 0.679789345579 0
-0.822145933049 -0.870316230406 1
0.636845074126 0.835835994396 0
0.0428791473752 0.56103970277 0
-0.655892634663 -0.569886589584 1
-0.32450308783 -0.746518716825 1
-0.962154849799 0.245441294943 1
0.636685817428 0.414166822828 0
0.50783230904 0.088445097782 0
0.23867914815 0.33888300772 0
-0.948921818887 0.122152650037 1
-0.489085578599 0.615230099727 0
0.357523500147 -0.453924991668 0
-0.40118496207 -0.291247111285 1
0.780163327471 -0.81671400895 0
-0.138399211825 0.657081884195 0
-0.258842287499 -0.407068892483 1
0.857001062207 0.742092537924 0
-0.647043998549 -0.0866731916389 1
0.969063597397 -0.202377532233 0
-0.822148466256 -0.0332140949897 1
-0.729059488109 0.563747123462 1
0.0463332848434 0.703900545614 0
-0.980746862902 -0.126936727267 1
0.569990365723 0.133295934337 0
0.732528036209 -0.228113313008 0
0.955527876404 -0.973985818072 0
-0.337496039403 0.355477204595 0
0.958233954866 -0.127650259429 0
0.617838882955 -0.833991641525 0
-0.804481850084 0.900700365368 0
-0.270492760018 -0.810506260504 1
0.495967365316 -0.748548584449 0
0.959223010563 0.900275802725 0
0.215991429693 -0.855469637962 1
-0.784222068635 0.272023450141 1
0.582988986908 0.864956919992 0
-0.922822951176 -0.55813798254 1
0.159760974243 0.391591371955 0
-0.360797148456 0.873902145474 0
0.34125667179 -0.393070039191 0
-0.203781964903 -0.191568261991 1
-0.661713424354 -0.634977543681 1
0.226705058152 0.249297209877 0
0.455505913699 -0.884056380897 0
0.355530341743 0.00553733758732 0
0.8699505118 0.217151138793 0
0.52935267954 0.874999809024 0
0.592399024124 -0.498917944839 0
0.654686620266 0.321980923338 0
0.0579497959916 0.107536749303 0
-0.377974920094 0.141891909231 1
-0.34795980858 -0.0618243383826 1
0.146513831637 -0.192615596732 0
0.503494396878 -0.877579711108 0
-0.811750397863 -0.998046978549 1
-0.487620533139 -0.136565463132 1
0.764694418656 -0.612865847127 0
-0.762663191683 -0.652760515348 1
0.662645274157 -0.404102616048 0
0.695568619241 -0.546691611594 0
0.866132858281 0.0976802570976 0
0.750260697631 0.0202867795414 0
-0.918371786242 -0.707046436971 1
-0.75240951623 0.056265102307 1
-0.783397660363 0.77926754494 0
0.623867136747 -0.0808877220981 0
0.668894015157 0.59382905023 0
0.143680097599 -0.384470546175 0
0.469511002769 0.837903976861 0
0.0523306602644 0.324133686615 0
-0.777597786413 0.382947539864 1
0.397191459461 0.0922064093569 0
0.557380327795 0.188354926372 0
0.0930770866472 -0.0796516106708 0
-0.281002461694 0.547622845744 0
-0.417518938063 -0.792389528585 1
0.159029278311 -0.761491258933 1
-0.71014350656 0.322450988271 1
-0.438305931276 0.735133813605 0
0.474854227218 0.686448539822 0
-0.196184144083 0.206363405966 0
-0.325008699537 -0.907147506874 1
0.121154966374 -0.404607258151 0
-0.917474323003 0.196566149807 1
0.355296978731 0.82767437533 0
0.724777380185 0.909483958738 0
-0.081581192818 -0.0903627866827 0
-0.182650007797 0.926716810236 0
-0.218179319658 -0.196120009309 1
0.445344553985 0.818507844909 0
-0.226229753032 -0.341547817611 1
0.754957795652 -0.546669725962 0
0.691003342483 -0.192405207404 0
0.291627986168 -0.200158577616 0
0.326964225174 -0.739742048278 0
-0.49524631853 -0.541390188824 1
-0.705942507656 0.807329703629 0
-0.887874614803 0.142199037279 1
0.22746745101 -0.123720499665 0
0.220412567139 -0.0685716913073 0
-0.345487446222 -0.438366388489 1
0.455674844976 0.0903870767771 0
0.628815941675 0.669529012071 0
-0.487348599967 -0.0665779104198 1
-0.132007856911 -0.0970546651824 0
-0.857768238348 -0.748951205498 1
-0.000323947499756 0.710506442446 0
-0.0642691610158 -0.626542225994 1
0.876178011383 -0.769105257799 0
-0.939717764446 -0.256681955329 1
-0.407586076508 -0.0829623650364 1
0.515084398422 0.55656499727 0
0.452301663259 -0.917026669607 0
0.401181594519 0.358625911237 0
-0.363789428713 0.272651102291 0
-0.69543412581 0.404881519977 1
-0.568005554616 -0.760348841356 1
-0.341921906102 -0.353761662877 1
-0.93088273083 -0.810076653264 1
0.577173986457 0.308159684938 0
0.812602751642 -0.999585520424 0
-0.690426425344 0.428604107605 1
-0.131349329246 0.60742958612 0
-0.846439266217 0.0829367556663 1
0.368877395993 0.82815269263 0
0.612571272805 -0.220754978043 0
0.751358412697 0.598018061645 0
-0.629658593422 -0.535564644711 1
0.166023678262 0.973147497812 0
0.774386459623 0.0246079981167 0
-0.0378101752883 -0.862096756347 1
0.242423304369 -0.972679636854 1
0.637525535003 -0.321184670853 0
-0.976777675451 0.193645780677 1
-0.305619509902 0.892876281584 0
0.943219254692 0.378675944184 0
-0.0096961552451 0.00102933357393 0
-0.206822410302 0.476184509273 0
-0.498907354176 -0.387607228371 1
-0.424531718111 0.60247727733 0
-0.0310247862242 -0.297460479336 0
0.392715024786 0.272240634695 0
-0.766519054603 -0.289741162046 1
-0.802877480691 0.0160325985335 1
-0.600740769331 -0.569925839435 1
0.981752735576 0.159853264648 0
-0.132627230985 0.835703297239 0
0.0409715384702 0.547488247 0
-0.486654360746 -0.190405998238 1
-0.502133749726 0.696810921622 0
0.480131321365 -0.241487032352 0
-0.884476223032 0.627935549041 1
0.366413419589 -0.693762784198 0
0.566792521128 0.132330075373 0
-0.775141376183 0.422530542046 1
-0.936295445203 -0.796931234564 1
-0.45210448785 -0.315761562848 1
0.959848685401 -0.948874574591 0
-0.0906814110773 -0.790694260246 1
0.351303831243 0.556864211774 0
-0.713135684634 -0.84111067455 1
-0.11216882248 0.113427478839 0
0.525125188576 -0.902069586076 0
0.530318189542 -0.089953992279 0
0.51490860689 -0.60953749966 0
0.0624560148983 0.314071467689 0
-0.0590241317576 -0.823733366537 1
-0.225444020564 0.0675063512724 0
0.549188135325 0.405802717664 0
-0.567887641375 -0.948906714595 1
-0.0686264829568 0.16345422312 0
0.660992129565 -0.930516019503 0
0.142375234059 -0.330304227225 0
-0.797119779861 0.1699742415 1
0.752311066594 0.720381661207 0
-0.625839180419 -0.609793557844 1
0.18725882569 -0.235968871824 0
-0.561079701304 0.923284629817 0
0.76101130083 -0.347522546002 0
-0.409133333729 0.375831767655 0
-0.0960712124277 -0.254802216751 0
0.93325480983 0.933403146409 0
-0.748940507235 0.220122866406 1
0.413474143205 -0.149564751683 0
0.374108021416 0.261036846696 0
0.295982603193 0.650435792122 0
-0.934915589568 0.475895242224 1
-0.601801423947 0.0680624657305 1
0.201452624063 0.655322695069 0
-0.897844287557 -0.00597994978999 1
0.9436238827 0.047348220227 0
-0.915117402466 -0.856645368001 1
0.21415014379 0.112542877963 0
0.344672581533 0.331847351578 0
0.521158121618 -0.966063303709 0
-0.00668608902922 0.852881468396 0
-0.955017011741 0.675550849579 1
-0.879276062517 0.54504812639 1
-0.758436124955 0.755702705997 0
-0.158443089341 -0.162438988744 0
0.198740415692 -0.465093763702 0
-0.509703446249 -0.468600652295 1
-0.788177942113 -0.925801092446 1
-0.937510222787 0.355521785755 1
0.0461850962315 0.541781879818 0
0.46250130296 -0.0412276268853 0
-0.440578405032 0.24928896758 1
-0.516616115846 -0.0615136257892 1
-0.745336648969 0.569983373653 1
0.220333624863 -0.426909413515 0
0.781537613774 0.608863265188 0
-0.585580874727 -0.814650355206 1
0.731516672529 0.352007254987 0
-0.22842352607 -0.420230410537 1
-0.193724886332 0.344096138155 0
0.849838388924 -0.485578232203 0
-0.0991934266546 -0.706322974994 1
0.633350221638 0.367404359949 0
-0.785600095333 -0.73315337644 1
0.893415216993 -0.03801422047 0
-0.160932338527 0.145564273095 0
0.214200059438 0.182704201579 0
-0.0529681296855 0.134841956645 0
-0.6418233434 -0.267182949248 1
0.0738661498294 0.548539020386 0
-0.844741661799 -0.476453603757 1
-0.227281952716 0.551601618318 0
0.583739539242 0.957975685631 0
-0.835787799645 0.124282559875 1
0.907097730211 -0.566616882031 0
-0.707931237628 -0.981331576385 1
-0.53009026513 -0.714367908506 1
0.920033449191 0.552510811361 0
0.914510675066 0.838693992965 0
-0.850086691184 0.684196367751 1
0.85604380192 -0.18468377335 0
0.0420848172901 0.70754721283 0
-0.144569591486 -0.781652289866 1
-0.2972295569 0.196676994943 0
-0.163128202419 0.417388943744 0
-0.708180010167 0.00324845453634 1
0.544835488733 0.170061486498 0
-0.690682094451 -0.100119705353 1
-0.371242391898 0.543450400816 0
0.609768575193 -0.50392611177 0
0.166587780821 0.341929900204 0
0.856999349378 0.785358831061 0
-0.678828701369 -0.381148136012 1
-0.926244655798 -0.62295994009 1
0.347569071818 -0.294337214675 0
0.46378410878 0.188045210172 0
-0.0453401209148 -0.552037225276 1
-0.640893072643 0.98526255623 0
-0.830924347477 0.245232928332 1
0.173767775337 -0.682113018798 1
-0.995075192468 0.881362252993 1
-0.620278620726 -0.0292827819705 1
-0.58226331298 -0.380110013824 1
0.0135877997009 -0.658232734026 1
0.864015065133 0.615498398965 0
-0.3816650616 0.0198850202694 1
0.936109416608 0.186575872872 0
0.094357617142 -0.97600236469 1
-0.912763824491 0.503772295388 1
-0.806857894096 -0.247554946052 1
0.498284169864 -0.625687174354 0
-0.249885580668 0.0638547480293 0
-0.441544553871 -0.83383036875 1
0.2145921963 -0.0145578944921 0
0.275119626104 -0.326698096852 0
-0.106664337189 -0.554990811417 1
-0.623490382897 0.669460697405 0
-0.272117870686 0.336635787251 0
-0.967990864441 -0.938408559365 1
-0.0246050359813 0.257425218173 0
-0.334533197608 -0.0465310796177 1
0.822297992556 -0.134553606324 0
-0.304962944703 -0.910968352801 1
-0.358899109407 -0.716379760615 1
0.481048442321 0.675253616187 0
0.518564262955 -0.0808769166444 0
0.858719294548 -0.366177444101 0
-0.620370280236 0.202574321408 1
0.263045160708 0.439551452855 0
0.248602569886 0.471446655233 0
-0.90332454168 0.491921313086 1
0.234321217013 0.197102228688 0
0.0793596541249 -0.11866878437 0
-0.772789683198 0.694079718704 1
-0.386541528614 -0.0299784747866 1
-0.872202939125 0.479871957378 1
0.775937416517 -0.822337907089 0
0.603024195727 -0.142542003718 0
-0.721796790481 -0.608965909058 1
-0.141868999626 -0.785931761174 1
-0.926649619539 0.819121129291 1
0.00542955122989 -0.879130637022 1
0.432974211129 0.961921084378 0
0.804505161233 -0.286958679942 0
-0.123616235504 0.350928581112 0
0.394878460131 -0.966561156781 0
0.297765146974 0.337614876752 0
0.0661136385493 0.618218895547 0
0.28917664231 0.395844667789 0
-0.257288027406 0.877039347644 0
-0.376344752752 0.593259721222 0
0.822538733547 0.59997450474 0
0.438898891021 -0.928193332559 0
0.839528903419 -0.896683141196 0
-0.809337690839 -0.642468638534 1
-0.465296819831 -0.998058291472 1
-0.348508611318 0.373337706415 0
0.394412013425 -0.175013082289 0
0.00266966633948 -0.805833345485 1
0.0634898094451 0.31888108799 0
-0.320432473884 -0.78822750514 1
0.252705013522 0.066470084063 0
0.311387415838 0.654526583599 0
0.825015512522 -0.789537335073 0
-0.121986276544 -0.168657631386 0
0.57769923911 -0.358317775898 0
0.868402818776 0.782785657729 0
-0.0460369478606 0.00366821060316 0
0.385859917015 -0.170365350152 0
-0.454375335908 0.539757731248 0
-0.140262396033 -0.144948743659 0
-0.083284444291 -0.914214114562 1
-0.0421776321823 0.980153977071 0
-0.223842866557 0.00201370578995 0
0.182779098951 0.835115001388 0
-0.275736843124 0.313871980189 0
-0.275783666836 -0.0654678992666 1
-0.693910297679 -0.531194020197 1
-0.966060739112 0.156161651202 1
-0.295600815635 -0.843145702806 1
-0.435935408747 -0.136868443863 1
0.333184780337 -0.41262491643 0
-0.930604620309 0.788424320819 1
-0.264047862534 -0.282675494194 1
0.339124789664 0.417124695591 0
0.657167229074 -0.155388309322 0
0.728734454672 0.735270322937 0
0.599807247282 0.783344820963 0
0.785614339023 0.0573063012187 0
-0.527071423874 -0.0553298792054 1
-0.000473334730039 -0.450081351708 1
-0.184008649607 0.476537960403 0
-0.202315603627 -0.222817569103 1
-0.923869012819 -0.175882091884 1
-0.902176250052 0.913333716491 1
-0.613759980186 0.243431518662 1
-0.287340801691 0.734423255619 0
0.120682148627 -0.486658673156 0
0.120384380863 -0.707207780904 1
-0.793984220384 0.230015238737 1
0.923891080255 0.990854662937 0
0.103467468566 -0.616147410083 1
0.754322163389 0.034099041418 0
-0.826622658716 0.663614241931 1
-0.0655846422511 0.850227521592 0
0.246263773728 -0.852148125333 1
0.57290027783 0.427904973458 0
0.389002196287 -0.803753743899 0
0.207178113055 -0.616759749575 0
0.230517519979 0.465812711402 0
-0.166365593959 -0.447028168078 1
-0.77654038959 -0.941041282467 1
0.124001376786 -0.747571663988 1
0.855691406825 -0.200905630853 0
0.0500715113436 0.133374024827 0
0.0843309240001 -0.227607859755 0
-0.858709670245 -0.0660210594289 1
-0.101082280305 -0.868643173641 1
0.947710207788 0.370400895925 0
-0.424648417113 -0.69073167412 1
-0.793956162381 -0.70859028776 1
-0.302060028504 0.800338820765 0
-0.367038572824 -0.145738561929 1
-0.52596494853 0.292702154631 1
0.0300197700894 -0.161018300622 0
-0.848203280444 0.897398935074 0
-0.379720899199 0.238897649541 0
0.761080508982 0.925140919805 0
-0.375363098888 -0.250683862991 1
0.957920339445 0.0263114193351 0
-0.108317515536 -0.85568365529 1
0.749774815433 -0.866543538005 0
-0.975223823438 0.0522257481118 1
-0.657983761997 -0.636395369021 1
-0.370037856986 0.297665670937 0
0.297530179575 0.220835389142 0
-0.136601338572 0.126507466939 0
0.288461886344 0.153479793757 0
-0.953913881684 0.585634885398 1
0.257920915179 0.82271852948 0
0.105275985359 -0.873886683774 1
0.208777862636 -0.78730884645 1
0.402599106936 0.803454709642 0
0.598777168208 -0.769485512798 0
0.0222668391443 -0.855584552981 1
0.864290454268 0.434063628572 0
0.348768889643 -0.0716380166934 0
-0.497812196634 0.82710675864 0
-0.348538569081 0.473973516557 0
-0.0965472135446 0.771504451019 0
0.262972164738 0.0324786626208 0
-0.436534563725 0.270108549076 0
0.842834238847 0.492583090383 0
-0.710817181436 -0.753768122349 1
-0.157479272751 -0.16497046534 0
-0.853725718126 -0.16335861674 1
-0.170011738966 -0.855479730595 1
-0.506750906504 0.623516006373 0
-0.691515345255 0.325787991731 1
-0.927996270746 -0.895035038529 1
-0.258511367492 0.911078940951 0
0.984029516896 0.293152038279 0
0.483491982619 -0.133377475782 0
0.4608299525 -0.556191360025 0
-0.608906469191 -0.275498843278 1
0.130686152643 0.652835020684 0
-0.5079070391 -0.633199839754 1
-0.732867865094 0.965224194613 0
-0.0851322630016 -0.279734845273 1
0.0455689913502 0.47954876707 0
-0.0629901685218 0.23444632464 0
0.513408421238 0.0944964590877 0
-0.222063171139 0.752412156884 0
0.583800660878 0.337937261312 0
0.0345411783499 0.626718927041 0
-0.887400115632 -0.189839412095 1
0.0912825648815 -0.916805100333 1
0.946112919619 0.796454520131 0
0.803911824158 0.768271942876 0
-0.710922682539 0.341938398879 1
0.660773797556 -0.852656007292 0
0.447869226662 -0.233969019663 0
0.0251178214497 0.805116385191 0
0.652983256218 -0.720567412567 0
-0.610512362388 -0.625612379734 1
-0.208226372413 0.423424136599 0
-0.95281963805 -0.24365677171 1
0.754930507715 0.690029415861 0
0.171710787189 -0.725450785381 1
-0.265560923463 -0.570145290482 1
0.501757792369 0.122994994104 0
-0.257843142093 0.205832651532 0
-0.410402356036 -0.600117452558 1
-0.152886674303 0.22214053076 0
0.888253015416 -0.0649167607494 0
-0.0930659829916 -0.689590021141 1
-0.936886304837 -0.762216822431 1
0.853365786646 0.307873587234 0
0.525114157828 0.875617729868 0
-0.392079414334 0.217877021253 0
0.223435939212 -0.883180371874 1
0.275034006233 0.43028594801 0
0.531222761272 0.790177851902 0
0.218445609652 0.729240079552 0
-0.683062533265 0.48505472764 1
-0.0785609945624 -0.330817922145 1
-0.32853248361 0.548766151476 0
-0.210437817702 0.930545562779 0
-0.440231722499 0.983354448628 0
0.506217731292 0.356176453429 0
0.0849847866655 0.428101839307 0
0.438981691016 -0.790666819167 0
-0.79749545338 -0.253290090707 1
-0.451123097658 0.485468869939 0
-0.273448367412 0.823412319145 0
-0.885117365613 -0.419893319801 1
0.730599935736 0.0672343254362 0
-0.878665068618 -0.982004924276 1
-0.206808564365 0.359850771479 0
0.94783910571 -0.449770131741 0
0.964121755815 0.357138667733 0
0.849831014595 0.698393410307 0
-0.974829441152 -0.53626689393 1
-0.468434924255 0.619585656401 0
-0.331937391305 0.668948989343 0
0.735619953882 0.699608323627 0
-0.36795779171 0.783341966536 0
-0.215533907024 0.641690324697 0
-0.725761869525 0.759295979537 0
-0.382374582443 -0.154015312918 1
0.240860203124 0.512343987325 0
0.790920329151 -0.442958926766 0
-0.909335292819 0.970036568766 0
-0.619896159716 -0.789037239886 1
0.148203265841 0.146447090857 0
0.931384410415 0.804722826878 0
0.0659139050291 -0.667128527293 1
-0.350881360373 0.874650245906 0
-0.506973530669 0.684167494319 0
-0.119220313828 0.643007975098 0
0.351926590028 -0.771209028023 0
0.207439981701 -0.00177871077392 0
-0.273932153438 0.244950633415 0
-0.681858382644 0.385658888735 1
-0.850663254593 -0.664469640525 1
0.876938935551 0.399457864659 0
-0.376491210913 0.88133144684 0
-0.00769078179922 0.0634362111338 0
-0.943723306568 0.0573348949008 1
0.468147153513 -0.726270842546 0
0.731051667763 0.213509043435 0
-0.156491802303 -0.19650698386 1
0.96505217527 -0.208679427046 0
-0.73861002022 0.0866699896889 1
-0.0273590851799 0.257165197891 0
-0.270328712209 -0.230674760642 1
-0.488266956951 0.334424292437 0
0.360610515162 0.656529911571 0
-0.377608492335 0.352887371526 0
0.196913282367 -0.0386073253535 0
-0.213723710525 0.497865123404 0
-0.957991997918 -0.650295824785 1
0.249646246655 0.855168281837 0
-0.0362884238471 0.0703392117412 0
0.955256426883 0.0685107810783 0
0.215209757813 0.865595618313 0
0.719901859444 0.265445697121 0
0.125653060368 -0.00063806146099 0
-0.891280582972 0.900158991652 1
0.172822495189 -0.0859953399359 0
0.0174935699299 0.746726246372 0
-0.352517668641 -0.631948491501 1
0.740999783363 -0.636558268086 0
-0.855097057382 -0.113719594648 1
0.104420183357 0.0917091692054 0
-0.274025065373 -0.970629388072 1
-0.207520925146 -0.0736773768632 0
-0.651966804746 -0.796158961664 1
0.745971623522 -0.0478676850542 0
-0.381536510187 0.681263980016 0
0.927980211201 0.0883187606533 0
-0.678301327266 -0.310340110176 1
0.497914430514 0.708684187983 0
0.657062718745 0.110028223381 0
0.698104172583 -0.974639586398 0
-0.103049491971 0.183796309525 0
-0.869517577361 0.830316907926 1
-0.712332989692 0.604652921191 1
-0.370626662309 -0.644749844385 1
0.458483095281 0.137032526781 0
-0.942225981769 0.0847524048889 1
-0.292963326124 0.323507476659 0
0.433094740576 0.604220338409 0
-0.825633984474 0.00826556350214 1
0.692615630583 0.153476313061 0
-0.340629834579 0.103191525807 1
0.394471464363 -0.268737588395 0
0.117723095713 0.402912050485 0
-0.694350910369 -0.740145943657 1
0.430704907671 -0.819858680021 0
-0.704607462921 -0.690007535502 1
-0.338025235981 -0.0308210845175 1
-0.235497397174 -0.955921524819 1
-0.613729971357 -0.144531782052 1
-0.330587904025 0.656529003377 0
0.457133874757 0.926463594918 0
0.0247615128833 0.832011586236 0
0.669798651718 0.62697904563 0
-0.523704575164 -0.751108969609 1
0.648550774738 -0.688451452862 0
-0.133404149114 -0.667229750486 1
-0.0367608161048 0.350636057518 0
-0.401494988869 0.0359836838504 1
0.528569125736 -0.0446266965084 0
-0.994025999554 -0.029228709714 1
-0.251971554512 0.888132758115 0
-0.866111388587 0.872855143886 1
0.075775839796 -0.294513418995 0
0.323788649619 -0.710233329547 0
0.570884492674 -0.869384656521 0
-0.826525365481 -0.109749376225 1
-0.352135225113 0.837040221276 0
0.378739858918 0.638222733904 0
0.0806174127563 -0.831185411226 1
0.680757567407 0.586445688741 0
-0.362194316095 0.179772073867 0
0.961713621771 -0.242531448135 0
-0.60031971582 0.879481871063 0
-0.749053874459 -0.625313987495 1
-0.970570945769 -0.786930170723 1
0.680120362868 0.393813161726 0
-0.246279625256 -0.991713084938 1
-0.107364208191 -0.816890047754 1
0.746398816095 -0.405263050315 0
-0.598151253019 -0.48565463769 1
0.154360983228 0.322036918789 0
0.845627113702 0.65855957945 0
-0.59953741806 -0.861679784304 1
0.893763845077 -0.766683649926 0
0.998290869153 -0.462309695502 0
0.91967322986 0.0599312013893 0
0.595733181801 -0.950484913582 0
0.938471886804 -0.862506904778 0
-0.321644424646 0.212669746225 0
-0.531300863808 -0.871381443221 1
0.074204712882 0.931044657191 0
0.694926700355 0.4538016924 0
-0.659313316024 0.138099392514 1
-0.121480397886 0.227918445219 0
0.786030363061 -0.732256899732 0
-0.649143252368 0.66631200002 0
0.65921435418 0.551253157418 0
0.973494847534 -0.902259387152 0
-0.587575485278 -0.677134044863 1
-0.23142984444 -0.262808311616 1
-0.18947550924 0.796958238016 0
0.947595232253 -0.16268816221 0
-0.850737073042 0.130320444253 1
0.436138401621 0.563531622552 0
-0.836536242836 0.179197501721 1
-0.561477249593 0.378641813154 1
-0.297595832416 -0.8440805435 1
0.785074648334 -0.563068133031 0
0.990001422859 -0.113453675403 0
0.0943818243949 -0.36923325746 0
0.21406217754 0.662067674707 0
0.655920967554 0.214869740148 0
0.444297630042 -0.375480971746 0
-0.527220660739 -0.137737335115 1
-0.854302472459 0.219470084471 1
0.582487002094 0.0181713625343 0
0.991467307343 -0.248296096312 0
-0.258406150814 -0.265223817044 1
0.267337663696 0.818700696889 0
0.775426038634 -0.406805746629 0
0.864391723159 0.31840870581 0
-0.971905594603 0.573847045499 1
-0.327227052123 0.255115589365 0
-0.688178153806 0.0829995792241 1
-0.915919524355 -0.137169444927 1
0.34622527685 -0.543813389117 0
-0.905267983107 -0.521675870668 1
-0.363967333513 -0.633069965487 1
0.00370472131481 0.905634924028 0
0.786980568602 0.343074204739 0
0.645569404583 -0.866159437481 0
0.457694988939 -0.342566597475 0
0.462814128167 -0.843380209565 0
-0.973907868553 0.879994603216 1
0.617435636612 -0.871750491359 0
0.604973784221 0.383629725639 0
-0.1003862995 0.972509069233 0
-0.832169430608 0.00211707055378 1
0.452322204112 -0.917225681866 0
0.402613680755 0.0673965237407 0
-0.297575608266 -0.443517198192 1
-0.314923751325 -0.682150947735 1
0.274062748882 -0.909665665304 1
-0.733488754364 -0.380918732482 1
0.16888564727 -0.956789213239 1
-0.322507874271 -0.213489224282 1
-0.0798456994779 -0.306631286773 1
0.205818694713 -0.565347054512 0
0.168581691487 -0.563513863268 0
0.824618689625 0.879706538784 0
-0.595521770153 0.463598870899 1
-0.668520546581 -0.666345046522 1
0.902534392766 0.598799960552 0
-0.957524797645 -0.752966571556 1
-0.714406662517 -0.462376996381 1
-0.791823596414 0.806644671796 0
0.358400327982 -0.129116994561 0
0.575379249655 0.0541403290063 0
0.928608385728 0.584469739334 0
0.351301286458 -0.0230065833988 0
-0.0145478508356 0.296980503811 0
0.466267058021 0.361625709734 0
0.480369125086 -0.206978563275 0
0.0612500114833 -0.607327277182 1
0.881795110942 0.0874194625301 0
0.192773918692 -0.150253988622 0
0.0853569497416 0.934127634554 0
0.307942519603 -0.276419118212 0
0.226252100938 0.0194441587783 0
-0.246358117162 0.0286797588028 0
0.488793171583 -0.673959678581 0
-0.547800385297 0.288474377209 1
0.316037389976 -0.591326401754 0
0.65367567285 -0.756568365498 0
-0.984238566147 0.767145129186 1
0.437025915728 0.0548970114961 0
0.829643744121 -0.384142034461 0
-0.547135487532 0.482031857187 0
0.773835601717 0.98175472451 0
0.371020365895 -0.778038672049 0
0.787581709249 0.313613334983 0
0.403800800422 0.257101160727 0
0.933743232857 0.335862650904 0
-0.619962595695 -0.535667365932 1
-0.392336394511 -0.134771296503 1
0.651861920878 -0.15325944931 0
-0.106727707831 0.607248143567 0
0.680846436014 0.0718243374146 0
-0.486546723313 -0.140633188453 1
-0.0895048282814 -0.508814791407 1
-0.238556637406 -0.905684111994 1
0.311788514563 -0.644651869932 0
0.907216324255 0.444696001887 0
-0.753461079838 0.592775796236 1
0.175087850891 0.0336544989457 0
0.539348665312 0.463274097526 0
-0.0303633898218 -0.394729334679 1
0.933941784335 -0.962065469151 0
0.713172595505 0.0361938659657 0
-0.0370918750479 -0.0504180908901 0
-0.55245741772 -0.551181884308 1
0.495510338389 -0.202658199012 0
0.274936210532 -0.254712432341 0
0.607378348511 0.35039240039 0
-0.977870850381 0.236850607653 1
0.5902630306 0.248195873566 0
-0.936236830717 0.905744259555 1
0.211391615845 -0.684128443971 0
0.102017211184 -0.602068895165 1
-0.183559096721 0.604935099059 0
0.1131223756 0.992554265061 0
-0.177047026479 -0.823836605484 1
0.668809846748 -0.102668646699 0
0.14011547519 0.166292523228 0
0.959913271705 0.581790003852 0
0.868041218235 0.697324822779 0
0.346490966578 0.367445218429 0
0.431764083064 0.606793683405 0
0.806304813496 0.653791250625 0
0.767680622643 -0.772713168325 0
0.474448026665 -0.242904897938 0
-0.520516542101 0.544130957707 0
-0.387615426726 0.525301118098 0
0.372721288543 0.0839599239644 0
-0.440205632144 0.579100985578 0
0.333462210088 0.853339664361 0
-0.712073903299 0.36964734852 1
-0.619062507534 -0.349245640306 1
0.87380273771 -0.273572148085 0
-0.494033698445 0.841089603608 0
0.615747010659 -0.422442936034 0
-0.553362933428 -0.756567108341 1
0.449040107027 0.286269560799 0
-0.211310136045 -0.357259073952 1
-0.349300111892 -0.498833733363 1
0.810439512686 -0.131233272849 0
0.96496760643 0.637976982423 0
0.914175673441 -0.41937859691 0
-0.0289337564935 -0.236161835619 0
-0.0619352294737 0.784810459759 0
0.784684599014 0.43957097467 0
0.270030631217 0.283631562003 0
0.718238671994 0.0427664560578 0
0.345512037435 0.134663721066 0
-0.22167816188 0.21360161423 0
0.175609862509 -0.424125278712 0
0.142346960019 -0.662786320726 1
0.40751279645 0.93949166618 0
0.387807687429 -0.412657214251 0
-0.927966479271 0.182158427681 1
-0.49505574276 0.489901336819 0
0.865537901864 -0.910529721411 0
-0.262462465845 -0.176089553501 1
-0.937410366524 -0.994680590762 1
0.570822130826 0.128535257031 0
0.917030172492 0.913808522615 0
-0.114257263978 0.487511353476 0
-0.967600322451 0.426204512497 1
0.806194470543 0.565436769401 0
-0.306541106114 -0.434989787361 1
-0.664009491359 -0.197327230942 1
0.758425433384 -0.218740519267 0
-0.184122026775 -0.711316846049 1
-0.617211615454 0.539935874828 0
0.0380538427542 0.961207968337 0
0.517322754848 0.629379528603 0
-0.81502442479 -0.702655489275 1
0.0356579875819 -0.652271085309 1
0.633419581096 -0.985392361938 0
0.826827748892 0.345929828698 0
-0.313601931219 -0.0636802013283 1
-0.39038788785 -0.624068833076 1
-0.365654441313 -0.487068040376 1
-0.0727059010451 0.867343192503 0
-0.586869419096 -0.771520387242 1
0.231968345647 -0.581123879399 0
0.980018110415 0.401612446093 0
0.881564464733 0.0663193698623 0
-0.356166936755 -0.487525493079 1
0.507826592136 -0.24152766726 0
0.617196950945 0.0247463610628 0
0.213588959112 0.32217242934 0
-0.850069736847 0.549335259591 1
0.0155836510031 -0.143085258271 0
-0.0640988022062 0.253168151257 0
-0.880519479308 0.245008276402 1
-0.867592299656 -0.514985300355 1
0.593061222872 0.671431897313 0
0.146218746111 -0.601007558078 0
-0.504550932224 -0.349772813935 1
-0.904410011438 -0.204629818794 1
-0.554894612854 0.479894532781 0
-0.300054066445 0.648733753188 0
-0.800056371177 -0.0197110956101 1
-0.239245834195 -0.499457037581 1
0.438210381968 0.216192872527 0
0.198922050459 0.707138155305 0
0.443378596061 0.79466602806 0
-0.158853710793 0.582308099752 0
-0.962393047022 -0.620855423337 1
-0.291841131805 0.850118662778 0
-0.0746817883095 0.298113877144 0
0.93761697134 0.66450339989 0
0.957360280656 0.301107478679 0
0.468309678253 0.824970537639 0
0.392626369453 -0.447929079571 0
-0.991828729902 -0.315458537379 1
0.393122526159 -0.701617230959 0
-0.679203378317 0.932496841099 0
-0.079847602618 -0.286977313335 1
-0.153676001949 0.0173764029463 0
-0.51009613227 0.960084428104 0
0.531123523702 -0.0605204671242 0
0.190025527964 -0.0838361856335 0
0.18832883306 -0.362460523103 0
0.763457741341 -0.448427770387 0
0.232917933213 0.469051959453 0
-0.77228391166 0.438567205758 1
-0.31456324746 -0.772955287602 1
-0.17121570509 -0.324772716616 1
-0.513703203224 0.351258876739 1
0.439628584741 0.52429233372 0
0.556156602999 -0.957394689888 0
-0.554698389908 -0.14484491397 1
-0.478027630146 -0.752261708421 1
-0.424648563198 0.41661210622 0
-0.424985907061 -0.603320993987 1
0.23804938235 0.0343184375801 0
-0.196602618913 0.57793981572 0
-0.754072136433 -0.601107344753 1
0.511147259569 0.972638738221 0
-0.592145121927 -0.942658035236 1
0.591489168935 0.684339154176 0
-0.906882014897 -0.823369553687 1
0.757266380872 -0.111143567902 0
-0.320442380791 -0.654046701973 1
0.269286553833 -0.187266787602 0
-0.279454237137 0.142248868242 0
-0.966354773011 -0.604998705058 1
-0.775512404269 0.140137545825 1
-0.118974468673 -0.822959718481 1
-0.914164113705 0.312190161943 1
0.419062310663 0.992679304344 0
-0.617049247014 -0.63932225137 1
0.773394215429 0.557167528852 0
0.752169105983 -0.601923626435 0
-0.109945473492 0.65299155186 0
-0.132023348524 0.350198904071 0
0.948423428183 -0.121798509829 0
0.0120728357374 0.775235910132 0
-0.398578441024 -0.896721503328 1
-0.53146304958 0.098756179875 1
-0.993747238554 0.686077345218 1
0.326217257768 0.488501700751 0
-0.126964758198 0.206931863177 0
0.096915326061 0.560966203702 0
0.245548475758 -0.906240642208 1
0.625223935074 0.857363260745 0
0.125811039837 0.201031991899 0
0.699132271321 0.680922766347 0
-0.947024928659 -0.969274746508 1
-0.196442609953 0.38764937324 0
0.0314377833343 -0.900552888845 1
0.00595813062771 0.80395530884 0
0.556821869725 0.574917260205 0
0.333572499985 0.319692840822 0
0.0182463343272 -0.670943547421 1
-0.295485976539 0.588003151564 0
-0.974157224456 0.434846692631 1
0.730679216043 -0.320911537256 0
-0.829993973131 -0.610105995778 1
-0.182373525373 0.879713717792 0
-0.771779265016 -0.0937702234845 1
-0.0863124232508 -0.197505353186 0
-0.833237540443 0.610241096459 1
0.836386107764 0.570789430731 0
-0.295651470757 0.477630692582 0
0.912581131031 -0.44062717668 0
0.324769766238 -0.0867265099865 0
0.350222385511 -0.240877605934 0
0.956052699198 0.149304402218 0
0.598873648664 0.0312203261543 0
0.722714411634 0.369490379949 0
-0.602260156463 -0.640784877605 1
-0.244997498847 -0.924046770281 1
0.3908541703 -0.427667842215 0
0.0595788906551 0.13851076571 0
-0.266808536141 0.26028351643 0
0.12598637121 -0.85298334988 1
0.955368073844 0.729036261341 0
-0.53125225252 0.158498925157 1
0.494657676564 0.736997084558 0
-0.347415880465 0.0252846829972 1
0.722895578234 -0.507922547946 0
-0.865155141368 0.954478406033 0
0.863952314484 -0.389866793494 0
0.143168865634 0.91818519028 0
0.241423230426 -0.183091931188 0
-0.120824465829 -0.334889398677 1
0.369971404157 0.681160918908 0
-0.931676083233 -0.729118167284 1
0.806200378944 0.838871606267 0
0.539132770335 0.420655809706 0
0.544108103386 -0.561402023942 0
0.426943334255 0.0175040894551 0
0.126944976898 -0.996256641267 1
-0.521347022829 -0.679612253426 1
-0.992800977822 0.294359648095 1
0.623076081334 -0.400178710188 0
-0.135285671332 -0.463226420622 1
-0.355063111013 -0.402596193905 1
0.493265416458 -0.56084583285 0
-0.288290138123 -0.42091704103 1
-0.0861492256088 -0.171755620876 0
-0.934857749043 0.979443053167 1
0.0247030907836 0.749384012573 0
-0.554995885663 -0.0896748450908 1
-0.805355963247 0.207680758063 1
-0.629010194148 -0.214046328438 1
-0.078129645624 -0.154830541861 0
-0.202017828759 -0.815642990844 1
-0.522207545875 0.893550921696 0
0.0873254759876 -0.36989364267 0
0.869203257722 0.487422544899 0
-0.0298050205211 -0.949479677172 1
-0.932736295572 0.914752003367 1
0.133492497006 0.423313801153 0
0.855445432526 0.382460978283 0
0.38513121288 0.449433084581 0
0.304253687128 -0.103647507214 0
-0.126150338885 -0.372657671342 1
-0.918529060141 -0.637864084097 1
0.944048777137 0.82299121731 0
-0.266878555744 0.477535161749 0
-0.144149214682 0.882080760962 0
-0.726607409536 0.412054586731 1
-0.732314633365 0.606791033203 1
-0.624482387436 0.426227260306 1
-0.8741807556 -0.0746163258573 1
-0.813321643803 0.102225637577 1
0.863386101639 -0.207118080248 0
-0.711164216589 0.945667011147 0
0.298037409506 0.473986062886 0
-0.845273286876 -0.206414124882 1
0.922340293021 0.084125492754 0
-0.201031014869 -0.47322533517 1
0.0743313626427 -0.598107366463 1
-0.448214395574 0.847729280002 0
-0.255621236554 -0.546655113776 1
0.411730249635 -0.978183513761 0
-0.514421974821 0.302447539582 1
-0.587385084517 -0.470492191165 1
0.935628356643 0.1465258 0
0.0325124839794 -0.00934907114616 0
-0.218655953098 -0.0674016262137 0
-0.62759693365 0.266975870884 1
-0.636892060505 0.898579977042 0
0.511192474177 0.740042896554 0
-0.675721345959 -0.75129285131 1
0.93463671233 0.591559381592 0
-0.299844633114 -0.356863622383 1
-0.598131512613 0.962707880922 0
0.42939891769 0.411108987529 0
0.487951977741 -0.727006944575 0
-0.786172964479 0.159396064132 1
0.190627887868 -0.717242363082 1
0.883624330178 -0.272264949752 0
-0.840374648711 -0.586003271089 1
0.922851502029 0.769301400839 0
0.283398252279 0.653506612102 0
-0.438783387997 0.808383198998 0
0.839296268916 0.131975188344 0
-0.687588137673 -0.190879867469 1
0.983567275743 -0.190711201238 0
0.929515276917 0.492493490198 0
0.787465756664 -0.917835129121 0
0.320036469365 0.342592344798 0
-0.590143427218 0.304887284931 1
-0.182501043181 -0.594799237261 1
-0.523941028381 0.0359981744733 1
0.0607902816658 0.422955392091 0
0.395067634455 -0.930438289539 0
0.00674088153269 -0.664338746025 1
0.774309125313 0.222100451714 0
0.319685495565 -0.522185257031 0
0.0723446215913 0.137891206943 0
-0.390979158981 -0.83839524199 1
-0.0727046475107 0.632840942276 0
0.418424277776 -0.155682249557 0
0.998974584694 0.894581855323 0
-0.494897307919 0.0302525887348 1
-0.663044252176 0.977852891636 0
-0.63544484948 0.712996661448 0
-0.183508484365 -0.766480832432 1
0.704050172129 0.549100562117 0
0.348277606912 -0.168741391844 0
0.416276814976 -0.00496674810126 0
0.434449063624 -0.790920799814 0
0.865101713718 -0.348547931021 0
0.19547008977 0.668362018292 0
0.793985330162 0.340007489593 0
0.854399722689 0.166747711691 0
0.452597190166 0.754254439204 0
0.644480833335 0.761283572479 0
0.898270675904 0.245691719465 0
-0.487860903026 0.609276791012 0
-0.0872930024836 0.368433430067 0
0.562635327301 -0.0645577012941 0
-0.310284337674 -0.516446620559 1
0.199796519163 0.40690054775 0
0.0806986470387 -0.729120552438 1
0.0628169558255 -0.806293965214 1
0.631623992909 -0.527863678506 0
0.12914548327 0.416759814051 0
0.536339102665 -0.836935657407 0
-0.500200973989 -0.763720358561 1
-0.31965874979 -0.618079466088 1
-0.562902220022 -0.662364457344 1
0.897789414361 -0.464213012391 0
0.834734887914 0.496293438079 0
-0.139689383349 -0.521448846093 1
-0.328915852058 -0.792648872127 1
